8547753199758885887328415874627233495721111913177349144853996954914971657215997867793769351874826726841598466374821216456831466213611561724568866754932988572415349236839583518925998894581696864882463339
3231639895235974521189771765769556241111111114835776669111111111145889265683517981645314595133451511111172158233166975722722398284111111111116462882535411111111176896655284158997237998194581111111111974
5589111111111738156671111111552879611115315611763697151112111111111491149111111657559181827743262113497112899951111111145985415111193292313669456569211177564211137943111113289111111136361111138293111437
5411111111111111213551119258194424111461115571426172487711146173411159662121111187342659263477634155666183837411289312266271571191948439832744826243111313131521117211133764797346411133674118618271528767
7411127919763111164644111946564975111197333138422251716832119445671124375121944112284731213941439114461559941917912211253315311128787279611119225281972689637751171149476741472611117341386711291451641829
9411356185315412115899871114384735384111577397257358197482221195661114191111897263278869233214957116848895943876249519181653219939191111117319538319992962486211472116255187738961995181871615112399784723
4611175417811114631876635529158915693499463738855856619882284679381126251711159475145911425111338711457724252716674111548339711111111436211114134615531111113118271831111111981611457161769845234218718317
6331111111111111157432225342558656233179972112655111111111322947711961274111117149318142417146994841112321142317795711474471411111961111117111681914143862211115137127177749221117363774579211163912332568
6548111111528181718575861781111111116513662934111111111111117482283326134441211371911875141139568144112629412111187981529151841458914941115114491614913197517455226549317721111116475585244111571117552124
1428493794722874866641829411222222119335431411111167231598113189687131111111111111116635295167299989635583461122147684111262359151173711144354858137147113173278161173931113174481265374611479595651215713
3663764543175371116518518112111111111165394111134136465532916788111111112213442311775386676511921962736299111222117886752639889111183411845172895899811131164259855237111865193585271381125639394854154328
1174755171757111111119314812145272134118991119338489982213535819811111412215717914365111955952893637135411111232162898939548211122111117898131824319118122417923316811114661371114952111669682645995128258
1963311675462116961491193711117642642199953111181929311111372397111248912219592367111121443635182627111111481232169765314911112222113118131283139329319636989251814391615131829183444915844226641983111997
7188111117866611426942218228111195665166465611111111112811342572119954212112215851112221832184211111111177911222111111111111112332116111632471965776211721646553113165111181267837594217327118427432117695
5821111111114988241914386155551111551638785416584673334139519495178893111149256111222321774411111136676726112111111111111652112322131116158131312814325111548615191737494295567111178119491118647426164233
4471129796111946241278227727668281742925698764648971111111114323135388111896311122233321991111664122121461111142434982982591112221141211118962473544671761111111132163334448713284942313713111117391198719
5511196557111932685745661111485725551662234672534111111111111114119991115741112223333221111221111111161111111429811118612211222211665211525436811177852848885228754498658859116975745917186821112111743192
7811263611858144666528111211116253811111111152431111489881121698177611446311222322222211111111111122111221163498111944151112232115587373199981112111751918623745967551441113811111533131738464111121395113
9411786951357511935421121111112558112111112113831219242667111653759543128112222221111117183554142111111121111116262731111112332118477149665111222198511111111124993845116494824811989521755113615537293418
5911198632321511331853121912111289121146811217251111769553711984472156111122211111357877419759849395658111112111159698456912222111111111111122222156711887211112945781186164241115938536662358333833171712
3111177391115819938165111852214532121919231217138111116637292135344411122211119682621295119945656912195759511112111135611111111111112211111223221111611488152211941743869943761651855918467318623344519846
1531112111141449175158311153746284111191891117616531111455998679281112221117177231839111111111111111153148916911122111111111444737811111141232211562711545475831116599611116482446576129711152111111118823
3615111113616817755917423111951486812174539148334338688111788618111222111572174261111158733473511311111113536913112222191531556432354568411232119236891747887191355596148459111127291396949161176521161939
4667221991193711111116163432111457811119156626245622849612392551112221182935485115558195929965274468831611113251711122117618481111165162112222196693344881292661242619321111111446841734458713457377971386
2861187677546111111111177818996312769311167927811111111189666311222211599148451265431745926111177718359172116974617112211963773392635611122211152918669782939621326251111873183654425468746417171887111725
2111822126971111282761194849989511673184669435111111111113691812222119394442916448562321111119334858211111135486191211221116121411111112221115133741569218925919673531188821411883269811993612189451121824
9767378123781113586996179532111111111618778691121269231219891112221114859955343918843111221157349311183519431869411341122211945148111222111553637241111412239782728245119311118934511111622261732313974491
8689811936794111265346232241111171111111156236121189161111111122211469716164816118721122221787316139674757961111114342112221648866581111179816147611741173254269683876711111328161151677116743851735236757
3151817455571411118419429433117547888111153935121139971114871223217148111284918498711223321182782334491447131121611396711221113997478119967642798911594311151646427142226986569311224533111413911227987574
9289199334921734911117777828111155476231119193112131411162611233217542111171673152512233322114134177511157211431487496531222211189677911617729667311173191118776261811111356119112889198117995895111111111
3773186883624132499355517474211116853387635441611115711546912233219342899616817466612233332211111111111165511952525379231123222111111111116366318785123597194982891118891117477413679611131623211123881154
7861129241113549796889115194452411111177527541331196511583912333212373724658935275311223333222222222221929511167853573127123332222222222211135458626312298114137117237579111179484483423664283613949481164
1971188691214941741111117318351674376973346247894791811324412333214451112139457727341122223333333222111111111768411114614123322222222211111455292177743386719427113897317511179499167577656311125915511854
3651128941217919511111117497263382979651116859254733161151712222211111111111476549175111122222222211151112218854651111936123321111111113883352625227716535316265435121179111986764383799839656594737324199
4161131581118728111153434515479961111111211111178928741355712211112746297511115361289626111221111111535712211992643311776123321953758621923174831627163753113132113193111171831543781111111259271364169815
1461132711181891117955387129251111222222222222111171416684212112727317419265111135257131681111378162471112221615752811228123321129383528311111111151111562178133787767836455546111111688811118959667872542
5243119111244796111257111826911222222111111122222111692917711115111112919526471111788818364951115111116512221125214811855123322144919953841169958112455111117152518621741595217111284491561119585566793529
9482311116887871611111175758112222111148418111122221118211114241111188113843478211117189394975235169363511111371641411121123332111348157631193685917996486714333111111115114341192763525421115767111152855
4395692724616312619636434231122221127958416486111122211112211111157379113858213179111111196344412396111111111739187113697123432221163291748416641811135431433111111254711128231884869571111846791158111268
8633745898115934757934679821223211739111111128183111122222218719788283117511123692321111111111111111111114211467351165455123433322114353921265761166853191512182569111491185391662341111976177691286481131
9272489711127911244328576811233215656166553281919833111122211628313446119552436356426861221111111111136518117742211778271123332222211547173121113772661654586117712252111441211673767271527479912978411149
6588328181416211359955575411223212694249772481187563293111111111223417319876513349812111211692953756456551112347116592111222222111111112313913518536811185482116663811151499936221475111111451837762211438
7136422211236111717919829841122211152981111111144314564276857991571817211591125881111121114234328217445811114771195194612232111178537482918863961111112111617711599159124182797824311114711118651949975944
5572411611511111917195684735112221134881122222111137669115411851143667541414111111221111533162383574648961122111149594112332188787255111111111193854122221114172179352285179149136211648999119293715912765
1735431911112118921146111237111222113746111122222111193771216558581463111111122222111253948627739413563931161915847733122332175331729111131711116453123322211124611189891111111196617368361187437751494621
8654418388111175861118851641631112211171563111122222111111111111111111122222222332134162198521111176624831743114436511123332114911138115539111218311123333222115511372111111111116911723719328424711198211
8916911913497624431233111899811211111111128823111112222222222222222221111111112232111111111111119113567811956394594112223432111175243168693115836711223333332211451941169619933118491114134185591111111265
9717471125774768531288711655187811321111111272712611111111222111111111964118811222222222221111586899111127432952229122333332221521683184481168368112222222333221164711711582741118184541111731111129881184
3826831173459949831119111134172291686674372634287923252711111158962444345434511123333222111249567911113211144491511122222222221395121119112112121122221112343322111211166973111158256811234889713674741166
8969396112946132381111111171111111125391664649596125465552565711111111277149487123322211172884961117685711771316112211111111111166318911163537911222211912333332219111163581112216252111116382826568311975
1318667113267111734111149951111111135446311111113678286355158957385411334956641122221111197783111235111126169111122115465221678527514159477343112222112712222223219841723419885611111111111819292587373455
7114225111648871189193562411451611117222911111111133172414859187919111891421111222111943514211687481118924977112211136478177442479389734994411122211143312111123211115826563684111117981911627925528248943
2211977111172266119761711118827211167169111474911378118211115272961129641111222111114718231119951111465165691122111459793111111195931349941112222119354111148123221628297228681111572493623795743358268174
8811189116249118111951822127857312187566431295981173961116414562112643111222211115641288139676511393118714111211152211132521111119173711111222211195938111671123321267919525681119379188959326211111197383
9482811142914117113759481486293711125454545137581375111147772211647611122221112621681148776135119381133971122115893811711115966645341111222221115739421116996123321337314211133111172918422899311171111226
2833379512551911115288391981247111933111111447898976115722851121541112222111351569618111113561637111625111221126268258558219354111111222221111882116361112253123321969985112199771111111171784118352761118
6487613329654671127178931752771121529111111847593971185751114679111222211143959448351512216281111866711122221695581846395111111122222221111636321631711165651123321515711122119922948492486871111545521149
9231172238677258794127937846452819851166811158979811115111532881122221112444123192526112113915271469112222221111111111111122222222211111549978113659111183831223321441112222212867888349682845147263731147
5917856676114531474576225985878115661954912147746247111272156711222211849353131584592121165614454911111111222222222222222222211111116878878351115811111978381233321111222333211328411111112617615471331173
1577511699131512915386419671219319451934512116244545236548961112221113473911723849111111774538111111327331222222222211111111111648552848411117843111112198811234322222222223221251111735141236279581111339
5575111672136196314128151111111572159592811178646414614296111222211718231196942669121115287811113836232111221111111119941516374381481991211375851111689758112234333222111123321182112312441162596579718573
3193541146179196311539126711871117983485511685949591765871112222115864111677612341111125821111157113111111111353351185817214111111111613331891111116272311122333322211196123322171113846464746881153155326
5133371152165114331113289351161139253265915386151511137691122221112371177769196611124297211156139111111118699246647163591111111111111116935111112337241112223322221119167123332133118714467544594646993372
4112411196114212871186272431311888757295638921187776163611222211818211163411233115593951111133561121116449623551378111221965176424112219671117167753111222333221111671576123432198511197622929565111112385
8741511696113112362111739331112653632112132611894281159712232114181113124117271176626511114537111111279889231373522111191194385873912117755395677991111112332211952228761123432179133181284531338712611242
6548111281811117374644111111921995122414812711913811184112322115561169611111111761894511149371121146566657711985711131794316715896111172982382574111113512322113916671159123432192328593215476348114941267
7359146469811142811398127584312691757611922211334541459122321168941713111823658881124111496511211697491115216489118475555471882411118956764266721119978112221154111841149123432124333141111112748166521369
7796316879165367275774797124383111111511177111151716247123321192211249119859351333377111211112215998218862115391121613832721111111718996156423111169311122211885116471139123332149171118414631196866296266
6936118694751445719154111476469111574121956391111157781123321626224914119176456311941115775122111847116591133211322613811111111198178635972211111686611222112763311861184123322156211262823551155441818157
5181211917367982771548298611188911338111921172265795651223321613169294112141711118361211661122111961111341879711222167325799541173248288111111219993112221144686711151511123321161117135273111161859949368
1311917118335734461177484561832821111165115217771564651233321161887735111112251169411211251222127441258771118113567911914395341118111111111176939811122211254398212111191223221685111814161112887444474826
4731281183544841274111143511187476483873769418564411891234321398111114211169111192661215721122199841128731385617915261461575911111111111113895614112222114981619111111941233211934817937242683595111111969
7221111134111377151121111117637932227527411184183998451234321913211117384111118662631118826122113557119221123114673796497291111221164493711116861122221152148711178518211232216649111834687568111627311988
9183678771615791191857812838735729516492721191811279271233321135813116381328761822711119653112211485211871132314991111111111143133231111125427111222111458339411877931612232115179391116331111586297112965
7748324781111315198344386897713181458697511179611563361223321161911119736332453119332111643611211113711111189413861111111878456164112169225811122221152171755811144218112322175245817342273118166821989819
3851848951189251187228124312897521158714692116941161481123321211111157711111111118663111159131121148758111483717877848281662127153795933811112222111142519424671119751122221152781112938931146132912228326
3876143611144611614476111471155721119713426411111181982123321194115771511649111471132151118433112117836199572119271183111111231167681577111222211135553838611111117311222211643111111153111431935418256572
1411121771111111549477915858185311194922776778233223931123322176111593212896282877112436111891411111113633379374116111113181158765628111122221115322461745112989754112222115721116454119311321484871899816
9516322835711699955459311886911111729671442458942519213122332117811113321628532691111336481111566122211112233285795564222399462891111122222111228411185322644348251122221117921158497311621111111169461757
8119393384965198414845513518631735581171111122111119664112222211631115452835117526111925392611111123222211111521737957199271111111222222111156312815711848634986111222211445489173179881772311229983111296
5137416239632539146251119798141865571467234576998911114211122221993146854586311133111148663954111122222222221111111111111111222222222111126195155125411914198731122221116784572112811821164195217311231846
9111655611735661181111112156211576111255185755637354115965112221169511137143711121811111523131664111111122222222222222222222222111111171911719111132411836569111222111135772793113211741196472912711471161
4136979113185795111113226726836417621112683351851111194943311222111713111314281111485191118151516752473111111111112221112111111179927723481711111376711963311122222198662695111118831111143645891197131119
7795111438615353111872433194777831587111111111111193772852391122221113111163591111115656113234911116446877452492711111311187483434974374311111114978115941112222211184172111111511229111791111912731221127
9169671436832191137196491655738814657245983179961676791736253112222111122111494661111111113228598411111111111945638638161511111141134211112111121535161111222221115627111719116536698361771521942439491959
9519931136211171117293811161611171147675111491556382741416151811122222222221111513455111137581278691854761221826711111111111486359111112211166251635111122222111473811916911177352371218111791138954811135
8276581111317713931534434111114284477118611562654111115411815318111222333322221111251629437993311111111111111551151931111986247511112211119255681111122222211177637135756222338136521871592512165371142752
8873145811113361466959918512238729911111111138131591221111477163331112222333322221111129292641551231111111563944737464118191111112222211545211111222222221113465711931254823919786111111165933111111373735
8382111642896914851111111211511421168666811681931126313343616414339211112234333322222111111116656423572619542991863611111111222222333211111112222232211111117459211111179196159111112854341442666995819773
6322911132763285511342366312239535226519233118431274575269111881684849911234444333332222222111111111111111111111111112222222233333343222222222333332116291854166962331234592611112644241978478577211111123
8327411647346233361124487142113211755385554272931361117391994415862511281233333333333333332222222222222222222222222222333333333333333333333333333332117136253679355559865911171118366941116186742116241319
7282311127196281649111184991611889911111111111111111111111111111111111111222222222222222222222222222222222222222222222222222222222222222222222222222111111111111111111111165867111111116984538843119161235
4898681124119313163719111115734457161496711111111111111111111111111111111111111111111111111111111111111111111111111111111111111111111111111111111111111111111111111117111614123461476541989259421141225295
8541651759167384217637463314547511113847156916175571274517151211386628541811452381762814935334877977367286248771856144489571294445428211587287768341826938288488115769386179283583531111111115231162885716
9288113167911151128212483871777943253811591278791111111115754311111834619582151111233976131911111826581165177548895156251111163156845412111158761183417111111112398167111111173344111191292511723126316895
5639462975511111131985611116197113899355111768117911111118611159911117842411111111111598651117988111818414544119268396111111111196655111111111113135311111199911727341161731115188112611533851231118592841
7172448361565611165651877751119354542132521981327523191161118161561168841158613873121751411542641418342215964337116341187228113116341154371279115999811137695534968845156352114447111945724111564833121975
3393113162973316495359316463115131112163311881747999111692161211111779132429266211111161417629356176197641937881115371187813347476131371722967168641115516353777245214293673617416111118618267434744539856
5961179346759987751156475111118351116436118155875943161444721111247718377764111111955181812224979471571466118599411348117985696275251668312613361193114972611824378893649865211789521181729599183249861979
9781119171717457544971119443332189421161134341799112225471722267679236692682412434352462562813459411111159871117185441121621982164753585211111216935957611173188845766729884123581654556461519261111111244
1621175129471384839361511893274939737461326162482941781781298337287859457261131951729917437534933116235811158117182842951119381156329793761111198535668211271656611296777183119465982119777947391166911227
3961733823364179121477891317582111111111198216975711111111187451172111111726261171224181111111288135321331514927122378636868715188749711652986811111643113956737721112657111746692164811857719854838811821
1141365354627192417337511285264584182647111155489184431584511816114521661118616918259942849311388412727921162414767742324614631185423158194313251112984114784433858911138191721134414771378531568636511179
1811179958181793761177113264125196797661121118781686256939113219731171131117323834114486951117485812529651525511756541527447786115213111655822111118954911155117628321111139626811188711789479116382119539
1276111111118383637111115323415511111111193974751441111111623364591111111166927591354111111979522876933294712525111111111482614681111118742955262687545478111148951962737897215647711344876729211111117169
