7784848465766547665577465657777665656857667868884474375574744546345545577337345465464465657366456735757648846548888454445488888475548484767688487776685
4478458578547484768847585474478886465878878486553557536577456544634763666554744644776756753745473636775564868756876757675776646786754884466856664855777
5877444847875754657475456886466484756576847737373734343774745637635553546476376774635356776454676354474755576546767588877757655754884686584566648875565
8767775745884577584547865677688878688855845433635673444664535535434776376466465647776677755574356357553657453466655564465557554448864577668648654567746
5577758455565667764547548766755446775684774454336763653773666457345356744346374465364757767647467444337774454548756578784785765866846887868846648678868
7644446786788645558886578547465765666855537333767466655675477657566335476676537665436573434763343545347546644745558466567566878456545784778564466487868
7444446468644566748685748854545557643436563645777444736763337637754653476333744747436354657666453347547556473345637767757854646854478665778887564544758
6446474846844555674845847877467578455463344637754567577335437635773536436437335745677777756445674655636744356446433438845656486774474578555848557455557
5446464664568467678674558858866675376563776453367555674533367373453645637111111137337363756777333577335353663765673745546884466577667848758768756685476
7685474766847444658445684586487456756434764573374764576343753537365531111199999113775566444343346376557664557354554777436865575785767664577675755846787
867456664845474647666678465654435573575363633656433455455366374765763199911S999914675537466754375633463346774755654475455646787686874668886665564576666
7467846848854654786844866644456647754637777373633434445447567356343371999999999915675555443355556554335677355754457663653466877765487474665844844675745
4774587758444665457745866886636637334343636465453357334364475476655441999999999917476463554653774646746447736634777746333343757877585446456467564576788
8746864458846858765656445633357476477666534333345656534644633466443457543999999517655547476646474546364363465654534477753636667467748745474767575884666
8756877555748775876648763675344776555634336333567647553435347344773376466399995415545757563463557436367737346775665545643337534764647665645486467877784
6744566676878885446778673746765634564577544367346573665747753735567653356654774665537767735556663476543577754647553433375473463486485777744467685858475
8775874745755564584547373736375554337435466334433756335555674633547633467537334667663473737554463636744374337653366663356666656635458855788548866575865
5464786447557658645867644655656543366447435554774376564355637473463474664575577453547764457466773466633364553774376736675735546543864578668546577846574
5556745886776674748756644576553575564645466574656455433747535463333534744437555667643464435575643667746374365767755567675436344637657874747876764467888
4677788484585585788467473633573374746547546447763363747337665337354655556564543756555355763673774665653637344446667553773755756563364775874656448556676
6847755754746856885536467375556344333447775763544564775753675575477434457663435736574643543457563435533755745635453655654433353545573575775485484488448
5866674566687576755673753733573437544655467575666343354654675733445635657336634754647347473565533663637565776464647563735544456654544445775465644866545
8555868844444666344756777654447773573634657545743443647566577667753747734765363545355556755654357554534647464373777776555354536455735355558574455566484
6875576686857585357674577436644346544356676577665665466377737473553365556523335535564435544353435537636457567673477757677634435465754353647587575467874
5687656778655477653465466555733667367333375765444346347465363544232662554224334323545225427655375334636636745437346455537477663536674366776445568475888
7885564747587663753476675463357537366365357557457675737455234234343454446335254642643266625336763337344446473636334736576437553653677777478754768575678
8644465654874557634555667535573377344747535645354457747664664623346454526344552632253363436556254664473376734633733467566657546546646745675668477685688
8544588746747375643437366477466333365653563343554666663263426433632425362564454253532436255434255263454375567446536465463656475433774764654448755578886
5688867656557345376436375335634733767655637533375433632233352265463563564443623656635224343444636552477744575355565333436545444566335775664355584847676
4644855758546346474766767563676776434533466573454455343255436455524352346533434363453465456645556255636737753355647637657663775574335547774457457455866
6756887768673757554534334576447675455343347634645254335562224534626533456364454455664244533563265235652536665754747677436675563776464474633545546567758
4857658887537736764456533637757454464377734334535236336335463526636222654552355522563523646246565353235633333356653374645534436753363665555477757474787
5564756856763657635435537544743446745436644446644234332463343424366432452532432264364254433242253454622564266553477343333536654743676677465537845767885
5667877577353563546367337456654545436553544664232623443366465226523256542352422362425642563463446554446244267656453435333344345344376364573536464684475
7677577375534653367334567347647333563565366423666324542342446466536563542442365655444632663644655445536444333666744667633646453575336466674773454488768
8657587454554477764653664536646767543353436333666446223526626554452444322343646334236325365532454242244436563374375645765733636436354376674356758447577
6655444333565543535335744734333443757555242442262635436342244555263552432625426422633524554425443432654656646343733567777563575336674447567476474675446
4566653563573667773555537736373766334533362623623225336256632645455643656443553344646525434624324442654636623222457364753634546344567463333535566776865
6454746437475734735377546357756365333664566333445445332432645433644543522324424223432322655252552466443343263355543574356756337366463657475663566364548
4667876633767367755537374774555567633643253365324446242432623445253423226624625225553435263366453236634356635552554567576754747457674566754367656468686
5564656434544466445657737337463457745322323553233462456635455525223563653252636362352645443354363466524556236354663755766333544544776454766555444674656
4645564656756437477733765744643574634226442446332222234333333364323352332533633262322433363623355562534555433355336644437767445343663657564335354745544
4463536577434453774565553747477564424443625255266565645654365523352256232424456646625363642423563662434422664322665333456464366335457644477757775744888
4547456337776355343555634657477535653556554253345364666543422642436664634636432356223363343566266355352646623465552356337653453774676537636774753366668
8474757357444337766364345776743422656622552464362624255265336466636345623433434334663333332236432345666644466364352544446673334347335567646676374475776
8473373463743655663753463756436433446535332644522246635263563563346424235263434234562352222566665653545252455453364344337334655537575447557664576544576
7345764454673536756453754543663564233664644522266352543354242334226626235424645443224324645556563262335232224254543624424677367433646457756676533765534
8655753473377563537457445354555323366426363466242546442262263625365526563634564243422465326425346263434625632634435354354737634346777555434765773634546
5773635744767567733577464374562242523245256523263555434435353625322535433222242456523545556466454445522443434343325454255365676477577433675636635637647
3663634577545463447673553765365636255344652543432245554356356254554663454233253246466524222333536343236226435645435325225344566777746377765464575437336
4565736376553356347437476563335335246263344624654225226255655254336242553253553532335232223636346435455452365235363453442566344644435373663366535575376
3754346554564573364664566577644655326644455432334665253345634254524344333424523345245523462464636624346252463332426563634564557567533363376357544664635
6746745665344675765573366345522256423545224433623256246543644335244345252222533332224352223635556366543543354224355524426625377753437656544536476467353
6433447544456737757753445765664332423463462663562456524633423234323523333252453232422433324625266245666622453256223622546235633367534536545377375777364
6454737554654355745763735635562544662424642446643546226543434553453245344524323224553544225254333352546424422322656556644636653377565645534657645463774
6553364675735366364635454334654535256255246633242662323344345335222435552445522355535324245445322663344223444454236634455465567345653443436537337366463
5354433545377657677663667633265234536624653324422252623655245542233444344544554253333443423342555433454565655526446333345423254754473646575643765636373
4455465365344377565776545543236425526325235322563244442225435223543445555354423452342435354232543364656422342426462424423444367743746753637745765344436
6357464544455743473534674545442345564455656462662432542253524422334325325253225535552223255333544322464546232435632352424424545366745457336666566334765
6547746643757553664464566445526222334356664354655363232425425433254442424352243522525322235343352343553426324422634266536435425567556657746366344633356
5577374753754555333577336423656624423266654432364643664425544553222325533552233422445453445554343523563366644236466436266324463767377663477767566744344
5455744576577534667356356655632454253626642265544362443425425534242332323544322533243552344524334336655466642266556366435365446366545655344556475475545
3466736766674744466647552655336342245454434564256455324222234334233255354544432553333233335422243354434644655533432524534665423667435664756476377674377
5466373546646776433677736565653524453436225344265352444422445344545323322325435322255554345252223546353655465346252464246433625745636643455464633566773
4567347335775453343544763533346456426435464534622522354342432543523235334534424554225525533225553233642566333464634226232546233543647743446637743554465
6773654767645443553734454526365334264243532446335234454255333435452244534254242544355425255522435543226546352654423342634245656243553376346754756574636
5757346757567553776675756626466653554645356342445565452252443543553543544454244524433435243354343222432454255256534654256545345367547747667563743457755
3646343754556763435477523254222625332425332266553652243545445222442334542532523223454352545542343354264444625525426423436233222474473543557763366744753
7347544745643456366736642433523662446655256344453643233423323332233355233433434525444224455442245353534342253565355222323425245333637466337667565776637
5577465566665474737774433632434224446263325535235422335525355353323552243542252342443324243222434453233664252523336352443323643663545756375744776657553
3653545634564456743664446245562355633524355332233334445242445445442444544432225323332353455543325324346466253233665453663634265436755573765744466756446
7563335576465433654575655433365263446625622352244534423535443225255332233225533543425435524425242454355252265355442344365333252466477334445756743657767
5745534655375743756737342553264225236363325263266535422435442253224325243232225444525435254555254453353523664433545565462623254543633436457754747737466
5447564346454756665367732322644432542656434335345252555542342235223533532355555442235245252254342435432662262244342524244223333475666475477553656555435
7647376773673365655673344524264256323263526232555232242534434452322424342334532455243333245443323323343632365355265652433262356544545735666635764354566
766357647655555357575352623423226453226664443443233225244345344455343345342@224543442234425232222353225545624533236544226533224533466434633755663446434
3564355375445774566366642326443444343436324462225525333255533232554554553299924424222352554432242452335333523464244334244436662637356364634673337547734
4567773736536674455335434666652444226354635466422235543345342455534454445399943244342532245325522424446565252453654222334455533573735453434373574635775
4744633643363546453645432253443432444626532546254252553344444424532244543399945524425433543425555534235544326365652623555236622663373747537647475345537
3455543533544644456537326662654542565452666435623333353223245354552353422499954355344232224455522524254336322426442543324565332476535634534636663437756
5633774576335374335333522243353425226524652545234545525323552442323325425399932333445243253352535225332432566342336524636563264475335676774446353465476
3467567574543775473767766344543345334244663245432324322545344523522353442399935445352322423355453453455422462322656236423246522576737736435457553456675
7636753465674633467675323452532544552625244336452325442524242424442344453399932245242342535322334222532254333454653524355435252634665577365436666674634
3454667767754543736636432264656234224322623656466525322333242524534522522299924345235233242432333245446634366443235456462354436567547343437336456555756
6645654446756553664555543245346434336622323432324443233454245245554354355599924224355552432342443345444434226546622664656244523456363653337337437554366
4737665637456567673536463233442342562243263265266322434334532244435354244499923355522533333523345344362455222662663623564633453333663566733673364473564
6455737337746635775635474423534656346625525324422563252332555333555222522299952334253535535232322555456262523343252254242446343757753663765763654677637
6565337364446443636745465326466556633425654536423223335522245535245223344499952332332443245452234233355353526633454322654666634557535765355476675646364
5456473553646573373437543343262355233544562643245333432432552525353322442399944243355545434345245224344262244334632542264564545355457667466457567773545
6456734734744743354336766244445346565463662442356434632224345333545422322399934535442345535322554424326365243256423253526252645574537535567445645737563
7475664673776357555436356335534322556442523226544432225455535222532525452599935333425534522434353356365545566233556464662456534347475577436573467667377
3576747447735664373365437366454524664645225246366253242443243553234225452599933533322423342343235223645425536533346245443436445443736774773337646667363
7447663443534653367754736423235636335333263252642244532433543323444324253499943324542542232453324423654222532656332344364563666365776577634545364655734
4533755576447656656667647722422455325232644263623525555242325322424325332499952532443225242255266446222226336636364353422424634745736447333465335335577
7365747475566764746633733762245433362656235354326463226543244534445533525499932242524522252435524325243266223336252252225333334676773644564366633367556
3665775473437775656653737562655263656465566665423533626656553245233435335399943222324452524452442456462544265664343442543364233646536634453563673364466
6453646657565365556655337463464263635322245464556652446445644422554233535399932232233353335444532536246552255542524254632255446763766447634656433445677
7655457675367445736673556653654366666335566553536635623363546253343253523299953444453324436626366645663555446264543533266255346753365635774564376634557
4473564653756637445437333756345542465335225553426243634255665643535535252399955352452225344252326334525636254532566446425264464363745666454645475766736
7446434756773533473447534533354432526542525666523646235545265322544244442599954453244532655444656524246323626466456463542445653363357746656776757356746
5554436675574643764465335563656432266436226362264622625644352224325345355299923423424222645233433654632255554545432254543236576533776735643575547456633
4737376474473734533675657364452342325224456252654323642454653322262342455299925532356324564223625366452535652466666266446553365345757437376557545644436
7766544336344434565575555775644656252646433224455645523262222436544422522399963256522663645232266656336636624465562533535465445665754543647355754736576
4746576534333474363647566676646642524222363456235452635623636462464233634699953645533366653625262466534253422644342242325464346365534734636553733463567
7367574377763375475533563455576266555636455626656334452236652264225653445499963334536365524366554436356325426645645433357464547334664467757355343644648
4547676366533476453475374663764744335436665522642542444622253545625552666399925226645656236652343655554552232364462556437353446764635444543446543677475
6544474474376553646473334467556562635454365266255545523553522646555354542499922566633343342524333536224646546635446354247373364635363443333667334336376
4785476533436655764777457567536753642563662226332435236546626235353346235399942462324452633635433655444252545446535352373355336455776635657355363334887
8566355466356533343633574643557657234553245342653534236245465533424254463599933626545222334234665363434524343224264624337647364736647547563556336335645
5568744557643373773336677576743464465533444356466225332566624556265566424499924346632534442424323322444342526352633633454456655473364377377644553467758
6648533745435477657554644444346565642322643425552562322524253636545365655399926464425354244456646253456533233564362756455347754635667473773445344576684
7548565654364347676457555463557776354452246426465565345624634644224266656699953634334545234455232642553532653353245364377567657644773543577566354444555
4785856566655466546755453476767647655645442352432524266665462443622636422299933523424464563525636222366624665336667445545534356534677363677436664565667
4887863355556735766766373474736565347435522323236435342354555633636645464699926562645655456265446436323335666254443556646656653753445756547365656788487
7455785445673673357564367755653677634473526444364326655636526553266566353399926225353633634435332225552536343465475733363635353666677465357577734675788
8667788747543563467537465363765647666547766236346443565566422565326265253399954553252366352644524433532564463564575635565753343773565733743667548878487
8788854453475754673345547455536547334643644256442653235445344322232522532699955464456545544355564235235226233577653474537543364574333357333646355477475
5565876745576536635743753473566577365665446533322622442234354533445242324299966562645343224466454453535533655365455646547733346375777554476573374755565
8764644573763553466737645646433643456764564623254436646436333356425423652399953235244356643666533655233466336767564764346743576577776763347375866646668
7565686465337436544336356735353575765365576474656344422626433246236244256499926364252453653665434656423523674455774675773346675544646473374763766865754
5777876576345775556455453364365353444373477744323443566662334444256443622399936554645445566366442465662346334366674655753374463766645367734547686444766
8648788844675366477445645375544463477464747355743242435266543324532554553299956656545545556352622552665477533547566336435763367474664573377356486566748
5656867445435466477533636654567734754644344544577672362433255365225226255399955342562665663356444554457774334556355467356663366467454346735454548464544
4646757545644774744675557454744365444356755536647735566442462462653245243599943322652543532222363377476374753357364674757476434454746746466465687854776
6468754858687534536447537466655637734473657437566776445523435454335645526599922565566434363635346565445333654645763564543576367775677353566848558688654
6884766746586454454466676337476777573733373556675553733676465256626425222499944234646222452623773757473453573533444663677637757477656474744468584787664
4888886674644666346536744636465337633735574476466664636557766332223566423299955263654233667565355376776643556445475333666347645455443555557565475848646
8584558546578867753364543577343377754745533763554335666346577653344366656599942265543574534655634575435533435354667545654337633354653755775475778488867
8664467654766456434534364675437645377555735744753563733337655535555333557499955637753356355663445555347664353735646373766565737357675746667657878667876
5887546578577487467554433756375344675564735363646774637766474474773736546799955546747775444436753636636347534344546446744656757533433467668547765875667
7548847587766574477366655676474536646676735535347577343466343436336357343499977347474473763463656345677565364766775366545457566466473875446576568447846
5776455487856456758376534334336574456733443637566446546437737375346656564399973573765546374743574776465344665763467355366657645434757554654457564876465
6645444874588648478674435656435755373643367566336566477333755337635645456599946775543657563556473335754547743433635743335436355433686645754574757688657
5784577645648655578577453366574333753736457675644633346437737374655577354799963676455453734737734334557436655475333445563773563653847778457864756557458
8888675447566554476888634634353647533637444355564775577554644356375776447399957575356457757455677747374655357746733376664455777576465744655545467578788
4764654567454488558475856736644537665335665664577535634457375366734765765499947734656543746636366354456466646333633546754356775757586877685456584548784
5657784747877887485877484734637435334764374576373443433565337575345737447699977535375557443677543745753465775573537533756673777656454456864575885447476
8786568677556847688748584776567644655446533445357436353554433443534674366599975473454557354535577345455344466437733745666574767548668656884545866558668
8774674764548867467756758565664437563543336435346573476444434674644533734499943566663336477363457356653354575774545355435573775687548878458756857476588
4447665848888576777547666755673465764554363543747433675734364776376476443499955373553745533773636336453345563655435535334574764848886588758544476577454
8544846446685655545476677774856767657743746646563446333553356677346377337599976474537646335673543476336553767644734675554468474478558478474785665855854
4875877564455466744458477454586467553436535736643745547333677546455636463399954767744636477546544477635565445633646665638648674865877688856675848685745
4787587474486646655448477666845445435753675545737643764564547455443553445399937763567747375755354375637773447766665343778856478884555447445764876577674
4875887544568576685446464774485587334353336665756456334777654363335557657699965767564435637635433735537546655443763377554875667787477876666646476658447
4478878545887668868564645488857676467554374353644644333557465343437464443599954744573467753554635647433753433777335868865484787688577565457658887554784
5485456486467474786458758476748775768564335665455353447367754674573546573599933467577765756437454745373664743745385758845575578578868544865757747777678
6587664885584668556775675445564688856448343475443764476456756654636546734699935664767345444677535444764576636355547675546655768447845576678876688477558
7575846786766645447666755847786776758846484463333647644667574374735634444699964373566645733473747365565374735868787477757674884687667658856745577476754
5684685667544655577854648744547844575587556867647474777374755456454634664399963635553454767446344734446547685658455646576857888546455884485564457657468
5455447788646547468645677458677874888687654485364644353436764637357744475799956457776766433574367573745736456647588855758744487867647747888665466678766
7565664874775476755676855458576588475747456655486737746575356665364666633399944773353343745353543364544588686744556448584884575488684586554664675647875
