1346875224248666611735767867498
5155616825296488739566569395584
9261478573884192388918682617166
7294871645413224665954379892824
2766396532148595218597932568719
6654294529758347938214375298481
8165262265239266462135355897389
6863345528857248399825352773641
6242981942191662524783779723499
9719241318485781714415698283347
3744381772493824247844815679267
1511772782685185246721151194729
7984666744228818579989271381917
4611658825921739882287622261393
6667992873456784347911868154389
793748119943913@985936735849838
3595739551218288569564242492811
4757939848166614551644119847732
8377774314741871829528882657415
1376282867724556498763875177782
3895198923754263434197861932158
2368998668765949293181274458146
5213491457142561943729851322187
3231168676996661837958148537442
9965664667736362857297275655466
2749751992262975725312366673327
6117788372844174773127769287969
8262423996866487248873581898927
4898994653475346782788568512615
3232646493919489447361736958394
6161169982365361763471972729762
