10,1,15
34,1,15
34,40,9
63,1,9
81,1,6
81,38,3
110,1,11
125,9,16
125,35,7
149,34,15
177,65,5
177,82,7
195,41,11
205,54,10
205,85,3
220,33,13
248,62,10
248,82,4
259,70,16
274,52,6
274,113,7
285,35,16
297,54,11
297,70,7
311,37,7
339,6,9
339,96,4
368,39,9
382,48,13
382,80,4
398,24,15
422,5,10
422,70,4
450,31,14
472,51,17
472,81,5
498,80,7
515,56,11
515,120,7
539,35,12
557,14,16
557,69,8
571,32,10
581,16,10
581,71,5
605,44,8
625,19,14
625,92,4
638,34,9
667,58,11
667,81,3
689,82,9
712,50,13
712,124,6
724,42,13
749,63,18
749,91,3
767,83,13
787,101,16
787,131,4
809,72,12
825,91,11
825,111,3
851,117,11
875,136,13
875,168,8
894,108,15
919,139,12
919,157,4
933,151,8
954,127,6
954,191,4
976,143,12
992,159,14
992,181,7
1014,187,13
1042,151,18
1042,230,5
1058,139,10
1078,161,8
1078,175,3
1093,137,16
1109,154,18
1109,183,7
1122,139,6
1146,161,14
1146,182,3
1173,132,11
1197,151,12
1197,174,7
1218,128,6
1247,156,10
1247,179,6
1261,167,11
1283,143,12
1283,218,4
1305,117,10
1319,107,9
1319,160,6
1342,1,111
