36498,35624,1682
106258,105657,1416
106258,108087,940
106258,108638,1701
120795,120037,1651
120795,123167,1339
132288,107682,1776
132288,133696,761
170971,69309,1258
170971,150818,1911
210968,29018,1700
210968,111583,657
210968,112999,964
303821,121728,1665
329007,95765,1702
329007,149793,747
329007,151243,1959
381914,148804,1296
381914,153365,1655
471507,58522,1544
471507,240074,581
520019,106763,1526
520019,110887,874
530304,117079,1586
530304,119251,590
530304,120542,559
546926,133936,1477
571498,108459,1853
571498,160703,922
571498,162290,1316
625586,54323,1761
625586,166791,1991
648373,31951,1444
648373,79438,815
707568,91073,1248
707568,94671,1643
792543,176137,1435
792543,178127,715
792543,179751,559
846431,229924,1414
886108,189543,1513
886108,271925,996
886108,273346,1476
972063,103717,1097
972063,279949,1737
1052622,183923,1658
1052622,186537,892
1074204,161783,1157
1074204,210423,772
1154356,81322,1494
1154356,243908,645
1154356,246188,1336
1187759,114856,1389
1239155,62503,1653
1239155,168962,907
1239155,170089,1424
1306353,129702,1463
1306353,133224,1950
1405132,228758,1616
1405132,231366,868
1453366,179652,1620
1453366,280721,970
1535448,97904,1411
1535448,264492,575
1535448,264809,1014
1612006,174111,1703
1622204,184475,1417
1622204,186946,537
1622204,188934,1261
1714985,277126,1356
1714985,281717,1196
1746935,244603,1218
1746935,311320,693
1812355,309827,1478
1812355,314496,1833
1827236,294016,1736
1827236,327356,762
1827236,327784,518
1882688,238656,1437
1943938,299781,1545
1943938,302194,677
1943938,304475,1401
2006320,362533,1203
2006320,365473,1226
2105766,461698,1850
2105766,463867,765
2190181,376648,1226
2190181,550914,1653
2269945,296669,1361
2269945,458073,587
2269945,459335,682
2295755,322810,1315
2344348,273612,1187
2344348,373457,825
2344348,375304,798
2367049,296315,1473
2367049,300174,1631
2459386,388610,1380
2459386,390276,784
2544112,473435,1273
2544112,476978,1280
2618424,398380,1485
2618424,550029,619
2618424,552121,1012
2658313,438177,1662
2681476,414082,1492
2681476,463823,693
2681476,464687,1218
2777018,318788,1556
2777018,514226,1309
2870099,411728,1510
2870099,414471,776
2950128,491768,1424
2950128,495455,940
3004381,546197,1477
3004381,548351,695
3004381,550626,911
3070858,479073,1342
3133959,542108,1510
3133959,544285,768
3133959,546364,1069
3195724,603712,1392
3195724,608434,1832
3232920,565653,1561
3232920,643530,629
3290304,623004,1837
3290304,627008,1664
3374780,537955,1218
3374780,709744,885
3374780,710904,793
3449743,612960,1422
3546323,709239,1720
3546323,711573,689
3546323,712273,1300
3581694,744771,1622
3581694,749234,800
3596814,728671,1506
3596814,762143,969
3610830,743129,1287
3610830,746347,587
3700612,652746,1399
3700612,834668,674
3700612,836798,1322
3799364,751258,1767
3860753,689212,1524
3860753,815008,690
3860753,817012,745
3902370,730575,1507
3902370,735191,1168
3964701,667366,1781
3964701,795114,990
4005045,707741,1358
4005045,711109,1839
4090294,793311,1047
4090294,795474,989
4090294,797207,1534
4133259,749663,1341
4178474,795000,1558
4178474,797049,505
4178474,798188,1495
4202726,770025,1369
4202726,823008,1080
4218635,785788,1454
4218635,788376,585
4259892,827158,1527
4259892,830981,1250
4293656,861103,1193
4293656,863220,921
4293656,863965,1770
4374909,778962,1861
4386706,791136,1215
4386706,793345,886
4386706,795141,685
4449044,853135,1696
4449044,857574,957
4509352,792093,1451
4509352,915506,837
4573699,856500,1477
4573699,859481,690
4603449,826152,1189
4603449,888592,724
4603449,889922,911
4684384,745070,1532
4728239,701443,1192
4728239,790987,660
4728239,792852,1517
4739543,712409,1459
4739543,716436,1347
4779526,671661,1480
4779526,754346,520
4834106,726194,1690
4834106,729834,925
4898444,790736,1169
4898444,793221,920
4898444,793790,653
4985990,878078,1481
5005068,858258,1427
5005068,899573,848
5005068,901173,858
5034966,887972,1504
5034966,892518,583
5079787,932790,1860
5079787,935267,529
5168521,1021503,1784
5168521,1025610,767
5231992,957197,1373
5231992,1087282,944
5231992,1088155,1549
5272634,998083,1528
5352561,917230,1754
5352561,1080290,920
5352561,1082512,1825
5399759,870104,1361
5399759,968641,1641
5454588,925224,1425
5454588,927518,876
5529675,1000214,1217
5529675,1003982,1276
5572949,956218,1378
5572949,1045889,961
5572949,1048028,1669
5634216,895009,1467
5703036,826190,1581
5703036,965982,840
5703036,968221,1724
5763020,885938,1464
5763020,889057,1440
5860849,983689,1751
5860849,985783,531
5885185,1008341,1476
5885185,1012316,1599
5978055,914741,1430
5978055,1103474,715
5978055,1105526,1261
5994966,897682,1514
6033621,936243,1583
6033621,939126,884
6033621,941165,1981
6093580,875286,1590
6093580,1000420,921
6160417,942356,1487
6160417,944555,807
6209212,991123,1642
6209212,995249,554
6291091,1073224,1240
6291091,1075403,949
6291091,1077272,912
6331761,1031923,1299
6373720,1073992,1146
6373720,1076031,981
6373720,1077652,843
6384548,1084831,1253
6384548,1088095,1001
6447571,1147418,1755
6447571,1149427,683
6504222,1090247,1514
6504222,1207466,995
6567054,1027310,1550
6567054,1155419,762
6567054,1156649,943
6664858,1125221,1372
6729224,1189177,1564
6729224,1191491,904
6729224,1193605,1289
6762674,1223016,1101
6762674,1227336,1405
6810020,1174957,1373
6810020,1272601,835
6825354,1190299,1277
6825354,1193553,1802
6873387,1141612,1266
6873387,1240264,714
6873387,1242324,924
6939190,1075828,1144
6982663,1119013,1585
6982663,1121855,674
6982663,1122529,1554
7081351,1218021,1550
7081351,1220873,680
7159295,1295644,1761
7159295,1298268,836
7194612,1259517,1438
7194612,1335017,1665
7278511,1343254,1563
7278511,1345413,695
7278511,1346776,881
7300658,1365715,1637
7374967,1440038,1558
7374967,1442147,830
7374967,1443059,977
7421836,1392170,1987
7421836,1490467,1076
7508095,1306341,1082
7508095,1481057,659
7607043,1207280,1552
7607043,1409835,1290
7672644,1272913,1538
7672644,1275517,605
7672644,1276945,1612
7690770,1252788,2766
