65131542256545718751621162375235587473621812282152376823284638845353571728112433834128552124345513146
12162223412367552341154738662834516777862156453753716646135771154283576216343658766211314854274445532
43146277228271414886611565573337561322444165783381444651162327783542345475474864382832525221558851254
16465858625754476858452344464274615674443387511873773167743343888852486262261713863463314378876826125
35122385451764424872316781274183541526248712575211642554552333678125446861134586253413737671634332151
68278854172738274423718743213524712643725516531256374722683832647118158781854433882634453174772424865
64682817276773678578618628841732816864874134214155531338514666765571584368771713737152457373376156562
85387862251438255664242473867564273682181387554328237133773812611763587716837122845444353676755464532
61135157441725476146385586741652567711488282885127213524622581537356274328331561143788863435547114421
61357718814767686423351277428546544413227217744714245575753627888247564885364867133188627411653747312
53538584873554662847788612377417435841145646173275226442672428823574467748535553686353546236567812368
77368557547861657232261471172611726713845728594999665597668752533581823846442435111543471347785562176
65235777173128288146522768448776661216159964588756554546885667968461167164453828277487515147312125187
68777168682518487851216334467546357167876898679755594866846888765458247476263443182113554287881373358
17235253677351182788171288657125257487888857754754659484465898878855347344482237467778683756123341737
67671775624524378215574371364845447775699988464599876744785476948685977125544847581216324888345555664
82143368355322721443111556716369877469466576544479876467559996585476469528766228373118151571741833866
73387312223235885536174638687676869844784865875974994998644447597747496568482243367821153486717553856
17187443337328545252881311275977858594459954759866976446645557564889869455676188623164767443433277125
78165453661251832822787543769895678759867787567544459699798567578765675749477678537282223114552225143
31258345226845282572316576885864649759784866479989884664585854944487549577699738861471231342182472841
44813878773651365551277778849884546557569898577455998666959556755477744544798676784421124754458743368
65584862233136383711425599496588996977694566844986975999786447486548764588788884817225812545752178124
54861768657673382312187557859577798854845976957765448884686685445775479454766646942751125318111482324
11535383553337172764795659989779454774799599464454657745674547594747887784878748526386733765652655451
21364753172422712545789687964956886764989788649895869766648745546698965588957655876537835453717573178
26847353768525411877888775586954787975874659495496765955788488945666557468786558657263566471456788243
42374355322123742469649676844497488958544769545577474776758964498499699545747457698641845754751315752
83675671583477111585894648995645775949458778494889959585749496999854788886788567657458261658681118288
28481513148672534486446697757896658445589445948677444464799578566798846495894597588744738517387781248
28588433166362446648789598945656455689667448498558544449544579946776498754545575576955527387555368777
27272136111657744949885568547959545666958484766986986956579747997855676879478496887596325787886562772
67118814424241249669464675884596987847664645977744986776597498557778766586769485799965743356676788658
33462538651467384764664479488494585655569957689788786847996497549554576878975746449647962554286647744
71714321551781479459799956547645957697694675487747656948754459697996559875466975844484946318465818822
65245812835526556645968765767945696496457897766777766989576848588579964676689494494674943122864162185
83812187381115957865567746994888499887766949686996568958978558474599489858568488694868664551436843811
56756113443288668649957557684776597649496745766775668776697878558585558474565655795977598863525155527
54641264637468989658646555595694489466744649756596455494557677786494856999787487666998559565576251344
21373257253465764848866999655547794598949684649948999656796654994944987795858494885947975655573412817
15244437631158795547487689549486755976576557849488448794796659645474945847446987979956785773772656442
63646424344796495979547869779759996985794578988565687785889444666689584997798847665455879778513642867
46137548734595466678644954964774757885649645478448755799669956599887675775945969954586699435782563583
66755444875488945676454755489468899554684467976666475975694766446457898965778659477779765477531388737
33327443325674647775498559576697857978885667957589459574844776848944586964467998569467466571876243161
26344768183545598559955595494778854668796555879574965998944677488999744589757548465758986971242844181
11856828447577644686879996655866579946787869748688645964445985677658549689856476584476487955742246435
31135367235977959674966646579685845764747579945698764888465896654446558446875557946974778986277771718
55526256645755679454445848689587446867988547796865759598979698695584859566948645578947984896242146381
33676361878989759869556445855797867787774547749986747888768544575487559544999669854998869646534587712
57677721183478949587595595968798455755867574867799@64447659654568845656747746569746565659497328871645
58852527667944465654448898748775897597768796886854476899788748876895596465466445796985459847535287444
56241635727757645756775757674667467568496447495966958586498578564476999964784677669559867856252457511
82387147526495645495558967477596744985579867676986496966686867678485755848798865879484475464126552438
72725338223449449588575756978454844768678696464695565456868866685487484568677777456859669897271786764
38262374514746468689786668489776984877644479478565476699795595559945886546495487475966578974656467365
26812182316968979554894968996878886798885587464849594879459979979768555765779865797495494798128578385
33585741257965768995467495788988868587988959868994468457956558866749679778456456864888757777148325226
43715244818967956446879664774858979796488578968855498844584944884694987797985864885975945851658338188
51464555465295969647949997947598486865786845885666945478446999766695587765879876656567959678133315385
12161437573856546957676958596547455694997848558666867859494687864549877857595966596568446472861456746
52357137516656479554496765775766746578876466599674578896656546784596959888584848566678994943372718645
55178452183665756845665784586864555798955454647688869965996567568596667684865798787567587574851714545
17176353661178654958885755468574858554855948546988865956887554696755845958894589584889778458336783343
83875348337276796845764797559898544599999969864474487696678755685576644864667688877794658461188875588
34238318446645999877694978456886889856766976489985779969764846688494569668456745449744778612255123157
36442287727875896568485457787586755678694964996897494557984855548474875699956756569745598868528711383
45116532665628465859544576997874958998756846564776757946864896784595748555869545686884681787338872188
55624741241376679667697678945668678446888949474596967456694595767466849548799587465895743515127435348
71122151141276797456748457648748496467995689695847498684844787979698685875676657586589655587536724634
75338844174243185469688558588499675959749788684659578556479766746895646864947965496857638244168814861
68157463576377124657877488746667977957945785884977955788796479977497698976644866759997821172554313154
53472841877676346894758968586879986764464878679559985465666556574784657677447568974884242763656382375
17766224261454464657894984948497995767946475887586486769796568569685474769499898796752558845357147334
73684638854755716778849656869478454787757697948677454997664958746998986775887459459528225811886165711
81212832343355187674494664775684959899487777994985698458997565698886485454644479846261356262778428562
47117713632582861782885688647475966978764685665964586744587766767949967655768855492582185822141552814
82468566255655874337645656554857786578678666469977466785885684554759699554579558857415182312745563561
43463575356712186465185444865687979459598449446599696668854696646799696964974764736856376728438386887
38714686341253676458448689994597474754496667795886969754468489685576578587549884145247184463838452232
77468118423574676647168484948866956865787456974445756864958846695895745675576462248547774242351211174
55225281666283111836581418558989968455458869947654499497689997544648765796468182414113383383741657741
78185834735621562874127553747779757984458578497675555449644567758468859958881626624536352266843387658
57551751735571455631615127387854548984584558498898989888796845758574799665874867214211343146533318413
55561281587367687538558433477755675756888646599564789786965665946866745459263845181873131317374663478
42112268413882571412657743883787659999456946896788945454449665856459469886524128786613734672547641874
24223825343347445753778154224634664678658965964557674567676679584968468876381666166886646481831641252
62368421636818513133385837166433445745549876848647466679595985587554356132434325166138384167354821271
72161746767424288657653431878147581569957668755848678966887868966958534657344483348177445558664551766
63787543482458863176376424517387428171664458856445999687489846875485276131758686833554633475727267568
18848847653757328811712381376647132347664748855484768666599342584231244425786372328182552516284682127
53433363547236365284882366221534742134128334783581574536675543336728578626234177578788613151336153343
42518448865456846552871765663548358618686786328186783582113368578683565176246865776448271315821418435
33363888652833854277388354561147367717573283186712527488826523226535185317128311673266416351577741218
82272587552882864814381377658258165635836165615666638133821673284188552425731156638461322857278564626
72754773342536358221182621658678162176846467724776335511226813217232165312275784321278572741834127841
16212733344886215152464184326434726644281465743827545742576843527568845678586256516326278377544764861
12212678223252113148616857713687664324211363371465587415611784721673446585476112472646837141167427566
64338261633841428374847768852251162782215343717231686277538837478347352152111846121625876121247455413
24335267285433226217175115388258614446771773161827541784573326228464613474728434814137648364487882624
64315424636624475358512866587646228535826331512824232114858672655618645614271553668771645312452332314
