9669446759
19307042836
20197921503
28736068535
35046416746
41807922345
56168232084
66299796480
71198923208
72203491319
278576391309
348726514428
497207755291
551397345609
611547925545
642688500403
976925514155
1158227488729
1181953305173
1260690830276
1377536629226
1386059940956
1394762079004
1500312193096
1569183959674
1574318856428
1783683261384
2033698652780
2241875327253
2243468730036
2349625057126
2401989373127
2434017005133
2461398056672
2486292502736
2545233313226
2559441956484
2604180727072
2625848628644
2652067319681
2686142981273
2874082908307
3098210702159
3230911293632
3436603052756
3505314390086
3616316445235
3629546528376
3863518710474
3863942705415
3918092376464
4100448555350
4117096729899
4164340656993
4285092222947
4300963776499
4332989402885
4403310337077
4410177919791
4517653856858
4824495398706
4858605361607
4955737459725
4971427830182
5021859894626
5172997041506
5472151806921
5485405685777
5500913303580
5531017558971
6155156276862
6157394282493
6160827395696
6357552403192
6520992924615
6619622887639
6723424287700
6906376100356
6939721016872
7136097038973
7143987220752
7181809878940
7526994417547
7603760832282
7740352503533
7750964469907
8094448399399
8182680053644
8185935295901
8414656294997
8426975811245
8456525041438
8665209305966
8766057194671
8816160053911
8943354729872
9173168589697
9185986306186
9584515457274
9886029221992
