1:9,1,3,2,3,8,8,5,2,9,6,6,3,9,5,1,8,9,5,4,8,2,4,5,5,4,4,2,3,1
2:5,4,9,5,4,3,7,5,7,6,6,8,3,1,1,8,9,4,1,7,5,4,9,3,6,2,6,4,3,4
3:5,2,4,5,1,1,8,8,4,8,1,8,6,5,2,6,6,1,1,1,6,4,6,4,4,1,5,4,5,5
4:1,3,3,5,3,2,3,1,5,4,9,2,5,4,1,8,9,7,4,6,4,1,8,3,8,1,5,1,3,9
5:4,2,7,5,5,1,8,4,6,5,7,7,9,6,8,3,8,1,6,3,7,3,2,2,4,9,6,5,3,7
6:8,3,6,8,5,4,6,8,7,1,9,6,6,5,6,9,2,4,4,1,5,1,4,4,8,4,8,8,1,9
7:2,9,7,9,7,8,1,5,5,5,3,9,8,7,3,1,7,3,7,7,1,8,9,9,1,6,9,9,3,2
8:6,7,3,1,3,3,3,7,8,6,8,6,9,2,6,5,3,9,3,3,5,9,1,3,4,9,4,6,3,2
9:8,6,2,2,6,5,5,8,3,1,5,5,1,9,2,5,5,4,5,2,4,7,1,3,4,3,5,5,7,2
10:6,5,5,7,3,2,7,5,4,9,6,5,2,1,8,7,7,5,4,2,6,2,4,7,5,5,4,3,1,4
11:6,3,7,7,7,8,4,3,7,4,4,5,7,6,1,7,7,9,3,4,6,9,9,5,9,1,4,8,7,4
12:1,1,7,5,8,1,8,1,2,1,6,4,7,2,6,4,1,5,4,1,5,4,4,2,8,5,1,2,8,6
13:3,4,6,9,7,1,2,7,9,2,3,4,7,3,7,6,8,1,5,6,6,9,4,7,7,6,8,6,7,4
14:4,9,3,2,7,2,9,3,3,5,3,8,3,2,9,9,1,1,9,4,8,8,3,5,8,9,8,7,3,6
15:7,6,7,2,1,6,8,8,2,1,4,9,5,4,8,3,8,4,2,6,4,2,5,2,2,7,9,5,5,4
16:6,6,3,2,1,2,5,5,3,5,5,5,8,5,6,8,7,9,9,9,4,6,2,2,7,2,6,9,2,3
17:2,7,8,4,1,4,4,1,2,6,7,9,5,5,5,7,2,6,1,8,6,6,5,1,8,5,8,1,6,8
18:1,7,9,3,4,6,6,7,6,7,2,5,6,6,1,8,2,2,9,5,6,7,5,4,3,3,5,7,5,6
19:9,3,6,2,6,9,8,9,5,8,2,7,1,2,2,6,7,8,5,9,2,6,3,2,7,7,6,5,2,5
20:3,5,6,5,3,6,1,9,7,6,9,3,2,6,7,2,5,9,6,6,5,7,9,3,2,4,8,5,3,6
21:4,7,7,1,7,4,3,7,5,6,2,4,3,3,1,1,8,6,6,6,2,4,7,2,4,9,5,6,9,6
22:8,2,3,5,6,2,4,2,5,6,5,5,7,2,2,9,6,7,9,5,6,1,9,2,3,4,3,8,6,8
23:7,8,4,6,4,7,8,3,4,6,7,5,4,9,3,9,3,8,4,3,9,9,2,9,7,4,8,9,2,5
24:7,9,4,9,9,2,3,5,7,2,6,6,1,2,5,3,8,1,3,4,9,8,6,3,1,6,7,8,6,4
25:7,2,8,5,1,4,4,9,1,2,9,3,9,1,8,2,1,2,4,7,5,8,4,2,2,7,5,5,2,7
26:1,5,7,6,4,6,7,7,8,3,1,8,9,5,2,8,2,6,2,6,9,6,3,2,4,4,6,3,7,4
27:2,6,3,4,3,2,6,2,2,5,7,7,9,6,9,7,4,4,7,6,8,3,2,7,3,4,7,4,2,3
28:2,2,4,5,4,4,7,2,1,1,9,5,2,2,1,3,9,4,9,2,3,9,7,9,9,2,5,4,4,5
29:3,4,1,3,9,3,4,3,7,2,1,3,7,8,7,1,2,8,5,3,3,4,1,3,6,9,4,2,9,2
30:9,8,4,8,1,8,6,6,1,5,8,7,7,7,7,3,6,3,9,3,3,5,6,2,1,9,3,2,2,4
31:3,3,8,1,7,8,3,3,1,2,9,2,2,8,9,7,3,9,2,3,2,6,8,6,6,5,1,8,3,8
32:9,8,5,9,8,9,8,1,4,5,7,1,4,3,6,5,4,1,1,8,6,3,8,1,5,9,1,6,3,4
33:2,3,6,7,7,7,4,9,3,9,7,6,6,2,8,9,3,3,1,4,8,9,2,3,6,4,8,1,3,2
34:3,3,4,6,2,3,1,6,5,3,5,2,5,6,5,8,3,3,5,5,9,4,8,7,5,7,1,2,6,2
35:3,1,3,6,5,3,8,9,3,9,8,4,1,1,5,2,5,1,5,4,8,6,1,6,1,9,9,8,1,7
36:4,9,2,1,2,4,3,3,1,8,4,2,7,8,2,5,5,5,3,8,7,2,2,5,4,1,8,5,7,6
37:9,1,3,2,3,8,8,5,2,9,6,6,3,9,5,1,8,9,5,4,8,2,4,5,5,4,4,2,3,5
38:4,9,9,1,3,9,3,2,3,1,1,7,3,7,8,8,8,2,3,1,5,7,1,8,8,8,2,6,9,3
39:9,2,4,5,7,6,8,5,2,8,4,6,9,1,6,6,9,1,3,8,8,5,2,3,3,2,7,8,6,5
40:9,3,5,9,2,9,5,9,6,4,7,7,4,2,7,9,8,1,8,5,7,6,3,2,3,7,7,5,5,9
41:7,4,3,2,3,5,9,8,2,4,6,6,6,1,1,2,5,4,8,9,1,2,6,2,1,4,2,5,5,3
42:4,8,3,5,7,2,7,2,1,7,1,2,7,9,6,1,9,8,1,2,5,3,7,8,1,8,4,7,6,6
43:6,6,4,4,9,1,7,4,6,7,1,5,1,2,2,6,9,8,1,4,6,4,9,5,1,8,1,1,6,7
44:8,7,8,7,6,3,6,9,9,2,2,5,2,6,9,6,4,4,5,2,5,8,5,8,4,3,4,8,3,5
45:2,3,7,6,8,7,6,7,8,6,8,7,7,6,2,1,7,9,9,4,1,3,7,3,1,1,7,8,7,9
46:1,6,7,4,6,5,2,7,3,7,3,1,9,9,1,8,4,8,5,9,8,1,7,9,4,5,2,3,8,9
47:5,1,4,4,1,8,3,5,1,8,7,9,1,4,7,2,8,3,8,9,9,2,7,7,2,5,2,8,8,8
48:8,6,9,3,5,8,1,7,3,4,6,6,2,9,5,4,5,6,5,2,6,9,7,8,9,1,7,6,7,5
49:3,1,3,3,4,2,8,5,2,4,9,6,6,6,8,9,7,1,3,3,8,4,2,6,1,6,6,3,2,8
50:7,6,9,5,8,4,8,5,8,1,4,5,5,8,1,3,2,7,2,8,5,3,9,8,3,2,2,5,5,6
51:3,4,1,3,9,3,4,3,7,2,1,3,7,8,7,1,2,8,5,3,3,4,1,3,6,9,4,2,9,6
52:4,3,9,2,4,8,7,1,7,7,4,8,4,2,7,3,3,6,4,6,6,9,2,8,7,4,1,9,3,3
53:2,5,9,8,5,2,9,3,5,3,6,8,8,8,5,3,5,3,7,7,1,3,2,6,4,3,4,9,2,6
54:5,8,6,9,6,7,5,8,4,2,3,6,7,2,9,9,1,9,2,5,8,9,8,5,2,5,2,8,3,9
55:6,5,6,8,3,9,8,9,5,2,9,2,4,7,3,3,3,4,6,7,1,1,2,9,3,8,7,3,1,4
56:8,4,8,1,1,5,3,4,1,2,7,1,1,1,9,8,8,9,5,4,9,1,1,1,4,6,4,5,4,4
57:6,7,1,6,1,8,6,5,3,8,9,7,7,5,8,5,8,3,8,3,9,9,8,5,1,9,7,4,1,7
58:8,3,2,1,3,3,8,1,7,5,7,7,3,3,6,6,4,8,4,6,5,7,6,4,9,4,1,3,3,9
59:4,9,9,2,9,3,1,5,3,2,8,5,8,2,5,4,4,1,4,2,9,5,5,6,2,9,1,7,7,8
60:4,9,8,6,6,3,1,7,6,2,8,3,4,6,4,1,4,2,7,2,1,2,8,9,1,3,8,9,1,7
61:9,5,3,6,9,2,7,1,8,2,4,5,7,9,3,6,8,1,9,8,1,8,3,5,3,6,2,2,3,1
62:9,6,7,2,3,8,5,6,6,6,7,1,6,8,8,4,8,5,1,8,9,1,8,2,9,5,1,8,9,8
63:2,6,1,3,4,2,1,6,3,9,3,1,7,4,8,9,9,9,6,5,5,8,3,4,2,7,8,1,7,1
64:9,3,6,9,9,1,7,6,2,5,4,7,1,2,4,4,5,9,6,4,1,3,7,4,8,6,6,2,2,1
65:9,2,9,9,4,5,7,8,5,2,8,9,3,8,7,2,8,3,2,3,8,1,7,3,4,7,3,1,6,7
66:1,8,4,5,7,9,5,9,6,5,4,5,7,9,4,3,3,4,1,9,8,7,3,4,8,9,7,8,5,4
67:6,1,3,6,5,3,8,9,3,9,8,4,1,1,5,2,5,1,5,4,8,6,1,6,1,9,9,8,1,7
68:3,2,4,3,4,9,3,1,9,8,7,4,4,5,7,3,5,7,2,2,6,8,3,4,2,6,1,7,5,6
69:8,2,6,9,2,1,9,4,5,8,9,1,8,5,6,6,6,5,7,4,5,7,1,1,6,4,6,7,2,4
70:7,5,1,2,2,8,9,7,4,5,7,4,7,9,9,8,3,4,3,2,5,6,7,1,1,4,1,7,7,2
71:9,4,2,8,9,3,7,5,5,7,3,7,3,6,8,1,9,3,4,5,3,3,8,8,7,9,5,3,3,6
72:4,3,7,5,2,3,5,7,4,5,2,3,5,4,1,8,5,1,8,1,9,2,9,7,7,8,6,2,3,3
73:4,9,9,2,9,3,1,5,3,2,8,5,8,2,5,4,4,1,4,2,9,4,5,6,2,9,1,7,7,6
74:4,9,6,2,1,7,6,9,3,6,4,8,4,9,1,1,6,9,1,2,1,7,9,7,7,9,2,6,8,9
75:7,6,7,2,1,6,8,8,2,1,4,9,5,4,8,3,8,4,2,6,4,2,5,2,2,7,9,5,5,4
76:1,5,5,8,9,1,9,5,2,6,9,4,1,5,4,3,3,9,5,9,2,5,8,1,2,2,3,7,6,2
77:1,6,7,4,6,5,2,7,3,7,3,1,9,9,1,8,2,8,5,9,8,1,7,9,4,5,2,3,8,9
78:4,6,1,2,7,3,7,7,6,4,7,9,8,5,3,9,8,2,9,9,3,1,9,7,7,2,3,3,9,3
79:4,4,5,6,2,6,5,8,7,1,3,2,4,5,9,3,8,4,2,8,5,1,7,5,9,2,6,9,5,6
80:5,4,1,8,4,8,6,6,3,5,1,7,5,6,8,4,5,8,8,1,3,2,3,8,5,8,4,3,4,1
81:6,8,1,5,1,1,8,9,1,9,9,8,5,5,1,4,8,2,4,6,5,9,1,5,4,5,8,4,5,7
82:3,2,7,4,5,1,6,8,6,2,1,8,8,1,4,6,5,1,8,1,1,6,6,6,7,4,9,1,3,2
83:5,6,9,9,5,1,2,9,6,9,8,4,6,2,1,5,3,3,1,4,4,6,4,9,9,9,5,1,9,8
84:3,3,5,2,9,4,2,7,7,4,3,3,2,7,9,9,7,8,4,5,7,5,5,3,2,4,5,5,9,8
85:3,8,8,3,5,3,6,6,4,3,5,8,8,9,6,1,7,9,2,9,3,2,4,9,6,4,7,5,6,4
86:7,5,1,5,8,3,7,8,3,7,1,3,1,8,2,1,2,5,3,7,3,6,2,9,6,8,3,5,3,2
87:4,8,1,6,7,7,8,5,8,3,2,3,9,9,3,5,3,3,8,7,6,8,4,2,9,6,5,4,7,6
88:2,3,6,7,7,7,4,9,3,9,7,6,6,2,8,9,3,3,1,4,8,9,2,3,6,4,8,1,3,2
89:2,3,5,9,6,3,9,9,8,5,8,4,6,7,8,4,5,3,5,6,7,1,4,8,4,2,2,4,9,7
90:6,6,4,4,9,1,7,4,6,7,1,5,1,2,7,6,9,8,1,4,6,4,9,5,1,8,1,1,6,4
91:8,3,1,9,4,6,8,2,9,5,6,1,2,8,7,9,4,5,2,6,1,8,5,2,2,7,4,2,5,4
92:7,1,3,7,4,3,2,6,8,7,2,5,8,8,9,3,5,3,1,8,9,8,8,6,8,1,1,8,8,5
93:4,9,2,1,2,4,3,3,1,8,4,2,7,8,2,5,5,5,3,8,7,2,2,5,4,1,8,5,7,2
94:5,7,7,3,6,5,1,2,4,7,6,3,4,8,4,3,4,8,6,2,5,4,1,3,2,5,8,6,3,2
95:7,4,9,2,1,8,8,5,2,7,1,2,1,4,9,9,1,5,9,9,7,8,3,9,2,5,5,7,7,8
96:5,6,9,9,5,1,2,9,6,9,8,4,6,2,1,5,3,3,1,4,4,6,4,9,9,9,5,1,9,2
97:2,8,9,4,2,5,4,1,3,6,8,9,6,8,9,9,9,2,5,4,4,6,1,3,2,3,6,4,9,4
98:2,3,6,7,7,7,4,9,3,9,7,6,6,2,8,9,3,3,1,4,8,9,2,3,6,4,8,1,3,2
99:8,7,2,1,7,1,2,7,7,9,1,2,6,3,1,3,5,3,7,2,8,1,1,2,6,6,2,2,2,4
100:8,1,8,5,3,7,8,4,8,3,1,5,1,2,2,2,3,4,6,5,5,4,2,6,4,5,4,4,4,8
101:7,7,2,6,1,5,5,1,3,4,2,6,1,8,8,3,5,5,5,7,7,1,5,4,4,7,9,2,1,5
102:7,7,7,8,6,5,9,1,9,5,2,9,5,7,5,1,1,7,9,3,7,2,9,1,4,9,3,4,2,5
103:1,5,1,2,5,5,1,1,7,6,2,4,2,1,2,3,2,9,1,9,5,6,5,6,2,8,1,8,9,1
104:5,1,4,4,1,8,3,5,1,8,7,1,1,4,7,2,8,3,8,9,9,2,7,7,2,5,2,8,8,8
105:6,1,8,8,3,1,3,3,3,1,4,9,6,2,9,5,8,3,9,3,6,6,6,6,9,6,9,5,2,3
106:6,5,6,8,3,9,8,9,5,2,9,2,4,7,3,3,3,4,6,6,1,1,2,9,3,8,7,3,1,9
107:1,8,5,7,1,1,8,6,9,7,3,5,1,1,7,1,1,1,2,4,7,3,6,6,5,4,2,8,7,4
108:7,4,8,1,1,9,4,7,4,4,9,4,9,6,6,5,2,5,2,6,3,9,5,2,3,2,8,1,3,4
109:4,4,9,9,5,6,5,4,2,7,4,9,4,3,4,7,8,1,3,3,3,9,9,7,8,8,6,9,8,5
110:4,4,1,9,1,1,8,4,3,3,8,8,6,5,7,7,8,3,9,4,1,7,8,1,3,4,7,8,1,1
111:6,8,6,2,7,4,8,9,1,2,2,9,8,2,9,3,1,1,8,9,3,9,1,6,8,6,1,8,8,9
112:6,5,7,5,3,3,6,7,5,5,6,4,2,3,8,2,6,9,3,3,3,4,8,3,1,4,8,1,3,9
113:5,6,6,3,2,7,4,7,1,2,6,8,3,2,3,7,8,4,5,6,7,9,3,6,3,4,7,6,8,2
114:8,6,6,7,8,8,6,5,1,3,7,5,9,2,9,5,9,7,4,4,1,1,8,9,3,7,7,7,3,3
115:4,4,1,9,1,1,8,4,3,3,8,8,6,6,7,7,8,3,9,4,1,7,8,1,3,4,7,8,1,4
116:9,9,1,6,2,8,8,1,1,7,2,6,4,4,5,5,5,6,4,3,5,6,5,6,7,2,6,3,4,3
117:7,4,4,6,7,4,3,7,1,3,9,2,1,1,5,7,9,5,5,2,6,4,9,5,5,4,2,2,5,5
118:2,3,5,9,6,3,9,9,8,5,8,4,6,7,8,4,5,3,5,6,7,1,4,8,6,2,2,4,9,7
119:1,5,5,4,9,7,4,7,4,1,7,8,4,1,9,2,9,9,3,6,5,1,2,1,7,1,3,7,5,9
120:6,8,6,6,6,9,2,4,1,9,3,9,4,5,1,4,6,8,6,1,9,5,6,5,2,2,3,2,6,9
121:6,3,7,7,7,8,4,3,7,4,4,5,7,6,1,7,7,9,3,4,6,9,9,5,9,1,4,8,7,2
122:4,9,1,9,1,6,7,7,7,2,4,6,9,4,7,7,9,7,3,3,9,2,9,2,7,9,1,9,9,3
123:8,4,8,7,1,9,8,4,7,1,8,4,3,8,6,3,6,5,4,3,4,9,7,5,7,7,9,7,1,6
124:3,8,9,9,1,6,8,1,3,2,8,7,9,1,7,9,4,5,8,3,3,1,8,5,4,8,8,2,3,4
125:4,6,1,9,5,5,2,2,4,2,7,1,6,6,9,9,1,5,4,1,8,4,5,1,5,9,3,4,5,1
126:5,6,1,9,6,8,2,4,8,2,6,6,4,9,7,8,7,3,6,9,8,1,9,3,3,1,1,2,7,1
127:1,3,4,7,5,5,5,8,9,8,9,8,3,5,4,3,6,9,9,2,3,1,8,5,7,5,2,3,1,1
128:6,8,1,5,1,1,8,9,1,9,9,8,5,5,1,4,8,2,4,6,5,9,1,5,4,5,8,4,5,9
129:7,3,1,8,1,1,2,7,1,6,1,6,6,9,7,9,7,1,4,7,9,9,4,7,4,5,5,1,6,7
130:4,9,4,5,7,1,8,4,4,8,8,9,5,9,5,6,2,2,9,4,1,8,7,1,2,2,1,5,1,6
131:2,3,7,6,8,7,6,7,8,6,8,7,7,6,2,1,7,9,9,4,1,3,7,3,1,1,7,8,7,3
132:3,8,8,3,5,3,6,6,4,3,5,8,8,8,6,1,7,9,2,9,3,2,4,9,6,4,7,5,6,9
133:4,9,9,2,9,3,1,5,3,2,8,5,8,2,5,4,4,1,4,2,9,4,5,6,2,9,1,7,7,8
134:3,4,7,3,9,3,4,3,7,2,1,3,7,8,7,1,2,8,5,3,3,4,1,3,6,9,4,2,9,6
135:3,7,6,4,8,9,3,5,1,7,9,7,1,8,8,9,3,9,7,9,2,2,8,9,5,4,6,6,7,8
136:8,4,7,9,5,4,3,3,1,2,9,5,5,1,8,6,2,6,3,4,2,2,1,5,5,7,4,7,2,8
137:7,8,4,6,4,7,8,3,4,6,7,5,4,9,3,9,3,8,4,3,9,9,2,9,7,4,4,9,2,9
138:5,7,7,3,6,5,1,2,4,7,6,3,4,8,4,3,4,8,6,2,5,9,1,3,2,5,8,6,3,9
139:9,3,6,2,6,9,8,9,5,8,2,7,1,2,2,6,7,8,5,9,2,6,3,2,7,7,6,6,2,5
140:8,6,9,7,4,2,1,9,3,9,6,8,2,6,1,9,6,1,6,9,9,1,7,3,4,1,2,6,1,6
141:8,2,3,5,6,2,4,2,5,6,5,5,7,2,2,9,6,7,9,5,6,1,9,8,3,4,3,8,6,8
142:8,5,8,5,7,4,5,9,2,7,1,2,2,9,1,9,7,4,3,2,5,9,6,9,2,1,1,2,8,4
143:6,4,1,2,2,1,9,3,3,3,6,2,8,6,4,4,5,9,7,8,4,7,2,5,9,5,4,4,7,4
144:5,6,9,9,5,1,2,9,6,9,8,4,6,2,1,5,3,3,1,4,4,8,4,9,9,9,5,1,9,2
145:8,4,7,9,3,4,3,3,1,2,9,5,5,1,8,6,2,6,3,4,2,2,1,5,5,7,4,7,2,8
146:6,9,5,7,7,4,7,1,6,8,7,9,9,4,7,4,3,1,2,9,6,7,5,3,2,9,1,3,7,2
147:6,6,7,3,5,3,1,3,8,4,9,1,8,3,4,9,4,9,8,3,4,5,7,7,5,2,7,1,2,4
148:1,5,9,9,3,1,9,1,4,6,2,2,3,2,5,9,2,3,1,5,2,4,5,4,2,4,5,5,8,2
149:5,1,8,7,9,9,3,3,2,5,9,8,1,4,6,5,5,4,3,8,9,3,8,9,4,3,6,4,4,4
150:7,6,6,5,1,8,1,8,5,2,6,4,6,6,3,5,2,7,6,4,9,7,3,1,9,6,1,8,2,7
151:7,7,6,1,3,8,4,7,8,5,2,7,7,4,2,3,4,8,8,8,1,5,5,9,4,6,3,1,3,2
152:3,1,2,7,7,2,3,8,6,1,4,3,5,3,2,9,3,2,8,3,6,1,2,5,9,5,9,9,1,3
153:7,4,9,2,1,8,8,5,2,7,1,2,1,4,9,9,1,5,9,9,7,8,3,9,2,5,5,7,7,5
154:6,8,6,6,6,9,2,4,1,9,3,9,4,5,1,4,6,8,6,1,9,5,6,5,2,2,3,2,6,1
155:4,5,7,4,1,2,3,9,5,5,9,6,2,9,7,2,8,8,3,1,8,1,6,9,8,4,3,8,7,5
156:8,9,8,5,2,8,4,5,9,3,9,7,4,7,2,5,7,6,4,1,4,5,9,4,9,2,4,3,8,4
157:1,3,1,4,3,3,9,9,7,8,6,3,7,6,6,6,7,9,1,5,6,6,5,8,7,8,9,7,6,8
158:8,9,8,5,2,8,4,5,9,3,9,7,4,7,2,5,7,6,4,1,4,5,9,4,9,2,4,3,8,3
159:1,7,9,4,3,3,2,7,3,9,7,1,7,1,1,6,1,8,2,3,2,4,7,9,1,8,7,5,6,2
160:5,4,1,9,6,1,9,7,7,4,2,9,6,8,3,4,4,3,4,8,6,8,5,4,7,6,6,5,5,4
161:4,7,3,9,6,4,9,2,1,9,6,8,5,3,7,1,5,9,9,3,5,7,1,3,9,3,9,8,4,8
162:8,7,2,1,7,1,2,7,7,9,8,2,6,3,1,3,5,3,7,2,8,1,1,2,6,6,2,2,2,2
163:2,9,8,8,6,6,8,6,8,6,1,9,9,7,2,9,7,9,7,2,2,6,6,5,2,8,4,7,9,5
164:7,1,3,7,4,3,2,6,8,7,2,5,8,8,9,3,5,3,1,8,9,8,8,6,8,1,1,8,8,5
165:1,1,5,9,5,4,9,2,6,4,9,3,6,9,7,5,5,3,2,9,5,1,4,8,7,9,4,5,9,8
166:8,2,3,5,6,2,4,2,5,6,5,5,7,2,2,9,6,7,9,5,6,1,9,8,3,4,3,8,6,6
167:8,4,5,4,4,9,3,9,9,4,5,8,1,1,9,4,3,4,3,6,8,6,1,8,8,6,6,7,6,8
168:1,3,3,5,3,2,3,1,5,4,9,2,5,4,1,8,9,7,4,6,4,1,8,3,8,1,5,1,3,5
169:7,9,4,9,9,2,3,5,9,2,6,6,1,2,5,3,8,1,3,4,9,8,6,3,1,6,7,8,6,8
170:8,2,6,9,2,1,9,4,5,8,2,1,8,5,6,6,6,5,7,4,5,7,1,1,6,4,6,7,2,4
171:6,6,4,7,9,1,9,2,9,2,3,5,1,9,3,7,6,9,3,1,6,7,7,9,8,4,2,7,9,6
172:9,7,5,7,7,2,3,3,8,7,2,6,3,5,3,7,6,7,3,1,8,1,7,3,2,3,7,3,7,9
173:7,7,3,9,2,8,8,9,9,7,7,3,1,6,5,8,2,5,9,6,3,1,5,9,7,7,6,5,3,2
174:4,9,8,6,6,3,1,7,6,2,8,3,4,6,4,1,4,2,7,2,1,2,8,9,1,3,8,9,1,9
175:7,4,7,8,5,1,6,3,3,3,7,1,6,9,8,9,9,9,9,6,7,5,7,7,4,8,2,1,2,7
176:5,1,4,4,1,8,3,5,1,8,7,9,1,4,7,2,8,3,8,9,9,2,7,7,2,5,2,8,8,7
177:5,2,8,3,6,2,6,2,2,8,8,7,7,6,6,9,8,1,4,7,9,2,6,3,6,8,8,5,5,1
178:9,8,4,8,1,8,6,6,1,8,8,7,7,7,7,3,6,3,9,3,3,5,6,2,1,9,3,2,2,4
179:9,1,2,9,3,9,2,2,5,5,2,9,3,5,8,3,3,1,5,3,7,2,3,2,5,5,2,8,8,3
180:1,9,9,8,3,8,2,5,3,7,5,4,8,5,2,2,5,6,6,1,1,8,5,5,4,2,3,4,9,9
181:2,4,1,9,1,9,6,1,5,5,4,6,3,8,7,7,4,6,3,6,1,2,7,2,5,3,5,9,9,4
182:1,7,8,4,1,5,6,2,1,8,5,7,5,8,8,2,8,1,9,5,5,7,8,4,8,2,1,4,8,5
183:2,5,9,8,6,2,9,3,5,3,6,8,8,8,5,3,5,3,7,7,1,3,2,6,4,3,4,9,2,6
184:2,8,3,8,3,6,8,9,6,6,5,3,5,7,5,2,8,9,1,9,7,7,2,8,4,9,7,2,4,4
185:4,3,9,4,7,6,1,2,7,8,6,7,8,8,8,2,6,3,7,4,5,1,2,3,7,9,6,4,3,8
186:7,4,3,2,3,5,9,8,2,4,6,6,6,1,1,2,4,4,8,9,1,2,6,2,1,4,2,5,5,3
187:4,9,7,8,2,1,5,2,9,9,2,2,8,6,1,1,8,3,5,2,2,6,3,5,3,9,7,6,4,3
188:1,9,2,7,2,6,9,5,5,7,1,9,9,1,6,5,8,5,1,4,3,5,3,6,3,6,3,5,9,8
189:4,7,2,1,5,5,1,9,8,2,1,4,5,3,5,5,6,8,4,7,6,5,6,7,6,8,6,3,1,9
190:5,1,6,6,6,7,2,1,3,6,3,6,7,1,2,3,1,1,3,2,6,7,7,1,3,4,5,3,4,2
191:5,4,1,8,4,8,6,6,3,5,1,7,5,6,8,4,5,8,8,1,3,2,3,8,5,8,4,3,4,2
192:9,2,4,5,7,6,8,5,2,8,4,6,9,1,6,6,9,1,3,8,8,5,2,3,3,2,7,8,6,5
193:2,9,9,1,6,7,1,1,9,5,8,9,2,7,8,3,8,5,5,9,9,7,2,6,3,5,1,2,8,1
194:9,1,3,2,3,8,8,5,2,9,6,6,3,9,5,1,9,9,5,4,8,2,4,5,5,4,4,2,3,1
195:5,6,9,8,6,9,1,7,5,4,7,2,5,3,8,3,2,4,7,1,6,4,6,9,1,3,1,4,9,2
196:1,5,1,2,5,5,1,1,7,4,2,4,2,1,2,3,2,9,1,9,5,6,5,6,2,8,1,8,9,3
197:2,4,8,9,1,5,1,7,9,7,7,5,3,8,7,1,5,4,8,7,2,2,7,3,5,6,2,8,2,6
198:7,2,1,4,6,4,8,5,3,1,6,6,9,5,4,6,5,2,9,1,4,3,6,5,8,8,8,8,5,8
199:4,7,5,9,8,8,2,5,6,8,4,3,5,3,7,2,3,5,7,9,4,4,3,5,2,1,4,9,6,3
200:8,3,8,9,4,1,8,2,9,5,6,3,6,9,4,5,3,5,2,7,9,4,2,1,3,6,8,6,4,1
201:6,2,5,8,4,2,2,3,4,3,5,8,2,1,5,1,1,6,1,4,3,6,1,3,9,1,8,5,2,7
202:8,1,8,1,7,6,7,9,8,1,1,9,9,8,7,1,4,5,4,4,2,5,7,7,2,7,4,4,5,4
203:5,9,9,2,2,7,7,2,3,6,1,8,5,2,1,6,2,2,7,8,2,8,5,8,7,3,8,8,1,2
204:5,8,9,2,7,7,4,8,6,6,2,9,3,8,1,8,4,4,5,4,7,8,5,5,4,2,2,6,5,6
205:2,2,9,3,8,7,9,4,9,5,3,9,2,8,2,1,4,4,6,9,2,7,2,1,6,1,8,1,3,4
206:7,1,3,7,4,3,2,6,8,7,2,5,8,8,9,3,5,3,1,8,9,8,8,6,8,1,1,8,8,5
207:9,9,1,6,2,8,8,7,1,7,2,6,4,4,5,5,5,6,4,3,5,6,5,6,7,2,6,3,4,4
208:4,9,7,2,5,2,4,6,3,3,7,4,4,4,7,1,6,1,3,6,9,7,3,9,3,7,5,7,2,5
209:4,7,5,3,4,2,9,6,4,1,8,2,7,4,8,7,7,6,8,4,3,9,9,2,9,9,8,2,6,5
210:6,1,9,7,5,6,9,7,1,4,5,7,6,2,2,6,8,7,8,6,7,4,4,1,6,1,9,1,3,1
211:8,2,3,5,5,2,4,4,9,2,9,4,5,1,7,7,7,1,2,1,5,7,6,7,7,8,4,8,5,5
212:2,9,7,9,7,8,1,5,5,5,3,9,8,7,3,1,7,3,7,7,7,8,9,9,1,6,9,9,3,2
213:5,4,9,5,4,3,7,5,7,6,6,8,3,1,1,8,9,4,1,7,5,4,9,7,6,2,6,4,3,4
214:4,3,7,5,9,3,5,7,4,5,2,3,5,4,1,8,5,1,8,1,9,2,9,7,7,8,6,2,3,7
215:4,6,1,2,7,3,7,7,6,4,7,9,8,5,3,9,8,2,9,9,3,1,9,7,7,2,6,3,9,3
216:1,9,8,8,9,3,9,8,6,2,3,9,7,4,7,6,9,1,1,5,3,1,1,3,9,3,7,7,1,3
217:9,7,1,2,4,9,7,5,2,6,5,4,9,1,7,4,2,2,1,4,4,8,5,2,9,7,8,2,4,1
218:7,9,4,9,9,2,3,5,7,2,6,6,1,2,5,3,8,1,3,4,9,8,6,3,1,6,7,8,6,8
219:8,9,2,5,8,2,2,3,9,3,2,3,8,6,3,9,5,6,6,2,1,5,7,2,5,8,7,2,4,2
220:6,6,9,3,3,2,9,9,9,6,7,1,1,9,4,6,2,7,1,9,1,3,7,8,3,1,2,6,1,4
221:4,8,3,5,7,2,7,2,1,7,1,2,7,9,6,1,9,8,1,2,5,3,7,8,1,7,4,7,6,6
222:3,8,1,3,7,4,3,2,6,2,2,3,4,7,5,3,4,8,5,6,9,3,5,5,4,8,5,1,5,5
223:8,6,1,5,5,3,8,2,6,5,1,6,4,3,3,7,1,3,4,1,6,7,5,9,3,2,6,6,2,1
224:7,5,1,2,2,8,9,7,4,5,7,4,7,9,9,8,3,4,3,2,5,6,7,1,1,4,6,7,7,8
225:2,1,1,8,6,1,6,8,3,5,9,4,7,3,3,3,1,5,4,9,2,5,6,8,6,3,5,3,7,3
226:9,8,4,8,1,8,6,6,1,5,8,7,7,7,7,3,6,3,9,3,3,5,6,2,1,9,3,2,2,6
227:1,2,2,3,3,2,5,2,7,6,5,6,2,4,4,6,3,5,5,5,6,4,8,6,3,5,5,2,2,1
228:7,8,3,6,8,9,4,6,3,3,3,1,1,6,7,1,1,8,5,3,3,8,8,4,6,3,4,1,6,6
229:7,6,6,5,1,8,1,8,5,2,6,4,6,6,3,5,2,7,6,4,9,7,3,1,9,6,1,8,2,4
230:5,2,4,5,1,1,8,5,4,8,1,8,6,5,2,6,6,1,1,1,6,4,6,4,4,1,5,4,5,8
231:7,3,5,9,7,9,7,9,1,1,5,9,2,6,2,7,8,2,2,8,4,8,9,4,3,7,9,2,1,1
232:5,6,2,1,8,5,3,6,1,6,7,3,8,7,6,6,4,3,9,1,1,3,5,3,7,4,3,4,9,2
233:1,9,9,8,3,8,2,5,3,7,5,4,8,5,2,2,5,6,6,1,1,8,5,5,4,2,3,4,9,1
234:6,1,9,5,5,8,2,4,5,8,1,5,1,8,2,7,7,6,5,7,2,8,6,5,5,3,4,2,5,5
235:2,7,3,9,2,6,3,1,1,1,3,9,6,6,6,3,3,7,3,6,8,6,7,2,4,7,6,7,6,1
236:9,4,3,7,6,2,4,8,1,9,7,7,7,7,8,1,2,4,7,8,9,8,6,4,6,4,8,5,6,6
237:1,9,2,7,2,6,9,5,5,7,1,9,9,1,6,5,8,5,1,4,3,5,3,6,3,6,3,5,9,3
238:9,5,7,9,6,7,4,2,8,3,8,4,7,3,4,8,5,7,4,5,4,1,8,5,5,3,4,7,8,1
239:1,3,4,3,6,6,4,7,1,2,1,6,7,6,3,1,9,3,2,8,4,7,5,3,3,2,3,3,9,5
240:7,1,4,1,1,4,8,9,4,1,9,6,1,3,5,4,6,1,2,8,5,4,6,4,8,1,5,7,7,1
241:6,5,8,9,1,5,2,2,4,4,1,8,6,7,5,5,1,9,2,4,4,9,8,9,8,6,2,7,8,3
242:8,9,8,6,7,9,7,2,1,3,8,2,5,1,4,1,5,2,5,5,2,1,1,5,4,6,9,2,9,1
243:2,3,5,9,6,3,9,9,8,5,8,4,6,7,8,4,5,3,5,6,7,1,4,8,4,2,2,4,9,7
244:2,8,7,8,7,8,5,6,1,2,4,7,2,9,2,9,4,5,6,8,5,6,4,5,3,3,1,6,7,6
245:6,3,7,7,7,8,4,3,7,4,4,5,7,6,1,7,7,9,3,4,6,9,9,5,9,1,4,8,7,2
246:9,4,3,7,6,2,4,8,1,9,7,7,7,7,8,1,2,4,7,8,9,8,6,4,6,4,8,5,6,8
247:5,2,4,2,1,6,8,8,5,5,1,8,3,8,6,8,3,7,4,2,1,1,4,1,7,9,2,2,8,8
248:3,5,3,2,9,6,8,2,8,3,3,3,4,6,8,6,8,2,5,4,8,9,7,1,2,3,7,1,3,9
249:8,4,8,7,1,9,8,4,7,1,8,4,3,8,6,3,6,5,4,3,4,9,7,5,7,7,9,7,1,4
250:6,7,1,2,8,7,1,2,6,3,8,9,8,2,5,2,8,6,1,9,9,8,8,1,1,9,4,6,5,1
251:4,9,7,2,5,2,4,6,3,3,7,4,4,4,7,1,6,5,3,6,9,7,3,9,3,7,5,7,2,8
252:8,4,4,2,1,4,9,4,6,7,1,3,4,4,8,1,7,5,7,5,4,8,6,1,4,8,1,4,8,5
253:2,5,9,4,6,5,5,9,3,1,6,4,8,9,2,1,5,5,5,1,2,8,5,8,9,2,4,6,5,1
254:6,6,4,7,9,1,9,2,9,2,3,5,1,9,3,7,6,9,3,1,6,7,7,9,8,4,6,7,9,6
255:7,3,1,9,4,2,9,7,4,6,3,6,4,1,6,2,5,2,5,7,7,9,4,9,7,3,5,3,9,8
256:8,1,8,5,3,7,8,4,8,3,1,5,1,2,2,2,3,4,6,5,5,4,2,6,4,5,4,4,4,7
257:4,9,5,3,3,5,4,3,8,9,1,6,9,1,3,8,3,7,7,3,9,5,9,6,2,9,4,7,4,3
258:4,8,3,5,7,2,7,2,1,7,1,2,7,9,6,1,9,8,1,2,5,3,7,8,1,8,4,7,6,6
259:2,4,8,9,1,5,1,7,9,7,7,5,3,8,7,1,5,4,8,7,2,2,7,3,5,6,2,4,2,6
260:2,1,4,2,4,1,6,2,7,1,7,7,6,2,5,5,8,9,9,2,3,4,4,6,2,5,6,2,4,1
261:3,7,8,9,2,8,3,4,4,1,4,7,7,6,5,1,1,5,6,2,2,2,3,6,2,4,3,6,7,5
262:9,1,4,4,3,2,6,2,1,8,7,5,6,6,5,6,6,7,1,2,6,6,9,7,9,5,8,2,5,4
263:9,5,5,3,7,9,3,1,9,6,3,9,6,4,4,9,1,9,4,8,8,7,6,6,4,4,1,7,3,2
264:4,6,1,2,7,3,7,7,6,4,7,9,8,5,3,9,8,2,9,9,3,1,9,7,7,2,6,3,9,7
265:9,6,5,7,1,1,9,5,7,5,6,6,2,1,1,2,5,4,9,7,3,4,2,4,7,4,2,9,3,6
266:1,3,3,5,3,2,3,1,5,4,9,2,5,4,1,8,9,7,4,6,4,1,8,3,8,1,5,1,3,5
267:4,9,2,1,2,4,3,3,1,8,4,1,7,8,2,5,5,5,3,8,7,2,2,5,4,1,8,5,7,2
268:1,1,4,1,2,2,5,9,1,5,5,4,3,4,5,6,2,6,1,8,2,9,8,1,5,3,1,2,6,4
269:2,6,8,8,2,6,2,9,9,3,5,6,6,9,3,2,7,2,6,2,5,1,4,9,6,6,2,8,6,1
270:3,5,3,2,9,6,8,2,8,3,3,3,4,6,8,6,8,2,5,4,8,9,7,1,2,3,7,1,3,9
271:1,5,5,4,9,7,4,9,4,1,7,8,4,1,9,2,9,9,3,6,5,1,2,1,7,1,3,7,5,4
272:6,5,6,8,3,9,8,9,5,2,9,2,4,7,3,3,3,4,6,6,1,1,2,9,3,8,7,3,1,4
273:5,5,3,7,1,1,6,7,8,9,1,1,2,7,6,4,6,1,3,3,2,7,3,9,5,1,3,8,6,5
274:2,7,2,2,7,5,3,3,7,7,2,3,9,7,9,3,5,3,3,4,5,9,8,8,9,6,7,5,4,4
275:9,6,4,1,1,6,2,6,5,9,5,8,2,2,5,6,2,3,9,2,5,2,3,2,9,7,9,8,5,5
276:1,5,5,4,9,7,4,7,4,1,7,8,4,1,9,2,9,9,3,6,5,1,2,1,7,1,3,7,5,4
277:2,9,7,9,7,8,1,5,5,5,3,9,8,7,3,1,7,3,7,7,1,8,9,9,1,6,9,9,3,1
278:1,1,5,9,5,4,5,2,6,4,9,3,6,9,7,5,5,3,2,9,5,1,4,8,7,9,4,5,9,5
279:8,5,8,5,7,4,5,9,2,7,1,2,2,9,1,9,7,4,3,2,5,9,6,9,2,1,1,2,8,4
280:6,1,7,2,5,2,5,5,9,3,2,3,6,2,5,9,8,3,1,5,1,7,4,2,5,3,2,9,7,2
281:5,9,6,2,8,9,8,6,8,5,2,6,3,9,5,9,2,5,3,2,2,3,6,4,6,8,6,4,4,3
282:7,5,1,2,2,8,9,7,4,5,7,4,7,9,9,8,3,4,3,2,5,6,7,1,1,4,6,7,7,2
283:2,1,8,8,6,3,2,1,9,2,2,5,2,9,5,5,2,2,2,3,6,3,3,7,1,4,2,2,5,3
284:3,3,2,4,1,7,2,8,3,4,9,5,1,4,7,1,8,3,8,1,3,8,8,2,7,4,6,1,1,2
285:1,9,9,9,3,1,9,1,4,6,2,2,3,2,5,9,2,3,1,5,2,4,5,4,2,4,5,5,8,2
286:8,4,7,9,5,4,3,3,1,2,9,5,5,1,8,6,2,6,3,4,2,2,1,5,5,7,4,7,2,5
287:3,7,8,9,2,8,3,4,4,1,4,7,7,6,5,1,1,5,6,2,2,2,3,6,2,4,3,6,7,8
288:5,4,8,7,1,9,8,4,7,1,8,4,3,8,6,3,6,5,4,3,4,9,7,5,7,7,9,7,1,4
289:8,7,3,4,5,3,2,5,7,9,1,4,4,5,4,3,5,1,6,3,4,1,4,2,4,3,1,4,2,6
290:5,6,9,1,7,9,5,4,9,3,8,8,3,2,4,5,9,9,7,7,5,9,1,2,8,6,9,1,4,8
291:8,9,2,5,8,2,2,3,9,3,2,3,8,6,3,9,5,6,6,2,1,5,7,2,5,4,7,2,4,2
292:8,3,5,4,8,7,5,4,4,3,5,4,7,1,7,9,9,6,6,3,4,2,6,4,1,2,9,4,1,1
293:3,8,8,3,5,3,6,6,4,3,5,8,8,9,6,1,7,9,2,9,3,2,4,9,6,4,7,5,6,9
294:9,5,4,5,5,1,5,1,2,8,4,9,7,3,6,4,4,7,7,7,2,5,4,7,4,4,8,9,7,1
295:2,2,4,5,4,4,7,2,1,1,9,5,2,2,1,3,9,4,9,2,7,9,7,9,9,2,5,4,4,5
296:2,2,9,3,8,7,9,4,9,5,3,9,2,2,2,1,4,4,6,9,2,7,2,1,6,1,8,1,3,4
297:1,7,7,9,5,6,2,2,5,7,1,8,3,5,8,4,8,3,6,4,2,8,6,3,6,5,8,2,9,7
298:2,4,8,2,7,7,7,2,9,5,4,5,2,7,7,9,2,4,1,5,6,3,9,5,5,5,9,4,6,8
299:5,7,7,3,6,5,1,2,4,7,6,3,4,8,4,3,4,8,6,2,5,9,1,3,2,5,8,6,3,2
300:8,7,3,4,5,3,2,8,7,9,1,4,4,5,4,3,5,1,6,3,4,1,4,2,4,3,1,4,2,1
301:6,1,9,5,5,8,2,4,5,8,1,5,1,8,2,7,7,6,5,7,2,8,6,3,5,3,4,2,5,1
302:8,1,8,5,3,7,8,4,8,3,4,5,1,2,2,2,3,4,6,5,5,4,2,6,4,5,4,4,4,7
303:4,4,6,7,7,6,5,7,2,4,9,4,8,2,4,5,7,6,4,1,3,5,4,9,4,9,4,4,8,5
304:8,5,8,5,5,4,5,9,2,7,1,2,2,9,1,9,7,4,3,2,5,9,6,9,2,1,1,2,8,4
305:1,7,9,3,4,6,6,7,6,8,2,5,6,6,1,8,2,2,9,5,6,7,5,4,3,3,5,7,5,5
306:8,7,2,1,7,1,2,7,7,9,8,2,6,3,1,3,5,3,7,2,8,1,1,2,6,6,2,2,2,4
307:5,6,6,3,2,7,4,7,1,2,1,8,3,2,3,7,8,4,5,6,7,9,3,6,3,4,7,6,8,9
308:4,7,5,9,8,8,2,5,6,8,4,3,5,3,7,2,4,5,7,9,4,4,3,5,2,1,4,9,6,3
309:7,5,9,6,8,1,2,3,5,7,2,8,1,4,6,9,3,8,7,1,7,7,3,2,2,5,4,6,9,4
310:5,9,8,9,6,5,3,6,9,4,4,8,3,9,1,3,2,7,8,8,1,7,7,7,4,3,4,2,9,7
311:5,3,9,5,5,5,8,5,8,5,3,8,3,6,8,4,6,8,2,4,4,7,8,9,2,9,7,3,6,6
312:3,3,2,8,4,1,3,3,9,5,9,6,3,9,1,2,1,4,5,8,1,5,1,3,9,3,6,5,2,8
313:4,7,5,3,4,2,9,6,4,1,8,2,7,4,8,7,7,6,8,4,3,9,9,2,9,9,8,2,6,1
314:7,5,2,8,3,9,2,7,3,5,1,5,5,4,3,4,7,4,7,7,9,7,8,5,6,6,4,1,8,4
315:8,7,3,4,5,3,2,8,7,9,1,4,4,5,4,3,5,1,6,3,4,1,4,2,4,3,1,4,2,6
316:5,9,1,8,8,8,8,1,8,8,7,3,6,1,5,8,4,5,7,4,2,9,1,4,3,1,2,3,7,3
317:1,1,4,9,6,4,5,7,9,3,2,3,3,2,8,5,6,9,1,9,9,9,7,7,7,6,1,4,6,2
318:9,1,4,7,3,2,6,2,1,8,7,5,6,6,5,6,6,7,1,2,6,6,9,7,9,5,8,2,5,4
319:9,7,2,2,7,5,7,9,9,6,5,8,6,3,4,4,2,3,9,1,9,7,5,1,3,9,7,7,2,6
320:2,2,4,5,4,4,7,2,1,1,9,5,2,2,1,3,9,4,9,2,3,9,7,9,9,2,5,4,4,8
321:4,1,1,4,5,8,7,4,2,7,3,1,4,1,2,5,7,2,8,9,2,9,5,9,9,4,1,3,6,5
322:3,2,4,3,4,9,3,1,9,8,7,4,4,5,7,3,5,7,2,2,6,8,3,4,2,6,1,7,9,6
323:5,8,9,2,7,7,4,8,6,6,2,9,3,8,1,8,4,4,5,4,7,8,5,4,4,2,2,6,5,6
324:1,5,7,1,2,1,7,7,1,2,7,8,9,5,4,4,5,1,5,9,6,1,1,8,7,2,2,9,8,1
325:2,1,5,5,1,5,7,5,7,4,2,6,6,7,2,5,1,7,7,7,9,5,1,2,5,3,2,3,1,7
326:4,8,1,6,7,7,8,5,8,3,2,3,9,9,3,5,3,3,8,7,6,8,4,2,9,8,5,4,7,4
327:9,4,3,7,6,2,4,8,1,9,7,7,7,7,8,1,2,4,7,8,9,8,6,4,7,4,8,5,6,6
328:6,7,6,2,6,6,5,5,9,5,5,7,5,3,1,5,1,9,6,8,3,5,7,9,4,4,3,5,3,3
329:6,8,1,5,1,1,3,9,1,9,9,8,5,5,1,4,8,2,4,6,5,9,1,5,4,5,8,4,5,9
330:9,6,7,2,3,8,5,6,6,6,7,1,6,8,8,4,3,5,1,8,9,1,8,2,9,5,1,8,9,8
331:2,1,8,8,6,3,2,1,9,2,2,5,2,9,5,5,2,2,2,3,6,3,3,7,1,4,2,2,1,3
332:2,7,8,5,5,6,2,3,1,5,2,2,3,5,1,9,9,7,7,1,4,3,1,8,2,4,8,2,5,8
333:8,6,4,7,2,9,6,4,9,9,5,7,3,6,1,9,5,1,7,4,8,4,1,1,8,6,3,4,6,8
334:1,9,2,7,2,6,9,5,5,7,1,9,9,1,6,5,8,5,1,4,3,5,3,6,3,6,3,5,9,8
335:3,7,8,9,2,8,3,4,4,1,4,7,7,6,5,1,1,5,9,2,2,2,3,6,2,4,3,6,7,8
336:9,7,2,2,7,5,7,9,9,6,5,8,6,3,4,4,2,3,9,1,9,7,5,1,3,9,7,7,2,7
337:2,4,8,9,1,5,1,7,9,7,7,5,3,8,7,1,5,4,8,7,2,2,7,3,5,6,2,4,2,3
338:8,6,2,2,6,5,5,8,3,1,5,5,1,9,2,5,5,4,5,2,4,7,1,3,4,4,5,5,7,8
339:4,4,6,7,7,6,5,7,2,4,9,4,8,2,4,5,7,6,4,1,3,5,4,9,4,9,4,4,8,6
340:2,9,9,1,6,7,1,1,9,5,8,9,2,7,8,3,8,5,5,9,9,7,2,6,3,5,1,2,8,7
341:2,3,2,1,5,4,8,9,5,4,4,8,5,9,2,2,2,6,3,6,3,1,7,7,3,8,1,5,4,1
342:7,6,3,2,6,3,9,3,8,7,5,6,6,2,5,3,3,1,4,8,3,6,9,7,1,3,2,4,1,1
343:5,9,9,2,2,7,7,2,3,6,1,8,5,2,1,6,2,2,7,8,2,8,5,8,7,3,8,4,1,2
344:8,6,2,2,6,5,5,8,3,1,5,5,1,9,2,5,5,4,5,2,4,7,1,3,4,4,5,5,7,2
345:5,4,1,8,4,8,6,6,3,5,1,7,5,3,8,4,5,8,8,1,3,2,3,8,5,8,4,3,4,1
346:7,4,7,8,5,1,6,3,3,3,7,1,6,9,8,9,9,9,9,6,7,9,7,7,4,8,2,1,2,7
347:3,1,9,5,1,6,1,6,7,1,2,9,2,6,7,3,5,4,4,3,7,2,7,8,5,9,6,9,9,9
348:9,3,6,2,6,9,8,9,5,8,2,7,1,2,2,6,7,8,5,9,2,6,3,2,7,7,6,5,2,5
349:7,2,1,4,6,4,8,5,3,1,6,6,9,5,4,6,5,7,9,1,4,3,6,5,8,8,8,8,5,1
350:7,7,5,9,1,9,1,6,5,8,5,7,7,8,4,2,8,2,2,1,5,8,7,9,6,9,9,5,8,6
351:6,1,3,6,5,3,8,9,3,9,8,4,1,1,5,2,5,1,5,4,8,6,1,6,1,9,9,8,1,8
352:2,2,9,3,8,7,9,4,9,5,3,9,2,2,2,1,4,4,6,9,2,7,2,1,6,1,8,1,3,6
353:7,6,6,5,1,8,1,8,5,2,6,4,6,6,3,5,2,7,6,4,9,7,3,1,9,3,1,8,2,7
354:4,3,7,5,2,3,5,7,4,5,2,3,5,4,1,8,5,1,8,1,9,2,9,7,7,8,6,2,3,7
355:6,1,5,7,3,5,4,4,7,5,8,7,5,1,1,8,7,6,6,3,1,3,2,2,9,5,6,4,1,4
356:2,7,2,2,7,5,3,3,7,7,2,3,9,7,9,3,5,3,3,4,5,9,8,8,9,6,7,5,4,6
357:6,1,9,5,5,8,2,4,5,8,1,5,1,8,2,7,7,6,5,7,2,8,6,5,5,3,4,2,5,1
358:1,1,1,5,8,1,8,1,2,1,6,4,7,2,6,4,1,5,4,1,5,4,4,2,8,5,1,2,8,8
359:6,6,4,4,9,1,7,4,6,7,1,5,1,2,2,6,9,8,1,4,6,4,9,5,1,8,1,1,6,4
360:7,7,9,5,9,6,7,7,6,1,2,7,4,7,1,7,3,8,4,7,9,5,5,8,4,9,1,3,7,8
361:3,4,6,9,7,1,2,7,9,2,3,4,7,3,7,6,8,1,5,6,6,9,4,7,7,6,7,6,7,4
362:2,7,1,2,6,8,2,6,2,2,8,8,2,9,4,8,2,6,1,9,4,4,8,8,6,8,9,6,8,7
363:2,8,3,8,3,6,8,9,6,6,5,3,5,7,5,2,8,9,1,9,7,7,2,8,7,9,7,2,4,4
364:4,9,9,1,3,9,3,2,3,1,1,7,3,7,8,8,8,2,3,1,5,7,1,8,8,8,2,6,9,2
365:7,8,9,7,5,1,4,3,9,6,7,2,1,2,6,1,6,8,4,9,1,3,6,1,7,3,8,5,9,1
366:2,2,3,8,7,9,1,7,3,4,1,7,4,4,7,6,1,2,4,6,2,6,3,5,6,2,1,3,8,4
367:1,3,1,4,3,3,9,9,7,8,6,3,7,6,6,6,7,9,1,5,6,6,5,8,7,8,9,1,6,8
368:2,8,2,7,1,5,2,1,2,7,3,1,6,4,8,6,6,1,7,9,3,4,5,5,9,2,7,2,8,8
369:4,3,1,4,7,8,7,7,3,8,9,7,9,3,6,7,4,7,7,8,9,9,4,6,1,2,1,9,3,3
370:1,5,1,2,5,5,1,1,7,4,2,4,2,1,2,3,2,9,1,9,5,6,5,6,2,8,1,8,9,1
371:5,1,1,9,1,2,7,1,4,5,2,7,6,3,5,9,2,2,7,5,1,7,3,2,6,9,4,9,7,5
372:4,4,6,7,7,3,5,7,2,4,9,4,8,2,4,5,7,6,4,1,3,5,4,9,4,9,4,4,8,6
373:1,5,8,9,3,1,2,6,9,1,6,6,1,4,9,6,7,9,7,6,7,4,7,3,4,2,5,5,7,6
374:6,5,3,1,5,5,2,2,3,5,5,3,1,3,1,1,5,4,5,5,3,4,1,7,3,2,3,9,5,1
375:4,5,7,8,2,2,7,8,8,6,5,4,8,4,3,2,4,9,5,8,2,7,1,2,6,4,9,2,1,2
376:1,1,5,9,5,4,5,2,6,4,9,3,6,9,7,5,5,3,2,9,5,1,4,8,7,9,4,5,9,8
377:8,9,8,5,2,8,4,5,9,3,5,7,4,7,2,5,7,6,4,1,4,5,9,4,9,2,4,3,8,3
378:6,3,3,2,9,7,3,8,4,3,3,2,2,1,5,9,3,1,9,9,8,9,5,3,9,5,3,3,8,2
379:6,1,1,4,3,1,5,3,9,3,4,3,4,2,4,2,2,4,7,6,1,3,8,2,6,9,1,9,8,3
380:6,7,7,7,1,1,1,3,7,8,1,7,6,6,1,9,1,2,9,7,6,4,6,8,1,7,9,9,3,6
381:6,7,6,6,8,7,7,3,2,9,7,3,1,6,3,4,6,3,1,3,5,8,2,3,1,1,2,4,9,7
382:1,6,6,3,4,8,5,6,4,9,2,8,8,8,4,4,6,2,5,2,6,7,5,4,6,8,3,4,4,7
383:1,3,1,4,3,3,9,9,7,8,6,3,7,6,6,6,7,9,1,5,6,6,5,8,7,8,9,1,6,7
384:3,8,6,7,3,5,5,4,4,9,6,5,5,2,6,3,3,5,3,4,9,1,3,1,7,1,5,3,4,6
385:5,1,2,6,9,2,5,9,2,5,1,5,9,9,3,3,8,9,2,2,3,4,4,6,3,7,8,4,8,1
386:2,7,2,2,7,5,3,3,7,7,2,3,9,7,9,3,5,3,3,4,5,9,8,8,9,3,7,5,4,4
387:8,2,1,3,2,6,8,8,8,6,8,2,3,3,5,7,7,3,9,2,4,9,7,2,1,9,4,2,8,2
388:9,8,4,8,7,1,2,5,9,3,5,2,3,8,6,2,3,7,6,1,2,2,4,5,8,2,2,3,6,2
389:5,4,8,5,6,5,4,7,9,8,6,7,7,4,3,7,9,8,2,8,1,5,5,3,5,9,9,4,1,7
390:8,8,1,6,2,4,6,2,6,6,3,2,6,4,7,4,5,9,5,2,8,5,4,9,5,3,1,3,8,5
391:7,3,1,9,4,2,9,7,4,6,3,6,4,1,8,2,5,2,5,7,7,9,4,9,7,3,5,3,9,8
392:5,2,8,6,6,8,8,7,5,2,4,3,5,7,7,1,2,8,8,9,9,4,8,1,9,5,5,8,4,5
393:9,6,7,2,3,8,5,6,6,6,7,1,6,8,8,4,3,5,1,8,9,1,8,2,9,5,1,8,9,3
394:6,6,4,7,9,1,9,2,9,2,3,5,1,9,3,7,6,9,3,1,6,7,7,9,8,4,2,7,9,4
395:9,4,2,8,9,3,7,5,5,7,3,7,3,6,8,1,9,3,4,5,3,3,8,8,7,9,5,3,3,6
396:3,7,4,1,2,1,6,3,2,6,1,3,2,3,4,1,7,6,5,5,2,6,8,4,7,9,4,9,9,5
397:4,4,4,9,5,7,5,7,3,5,5,1,3,9,7,7,8,2,2,5,5,8,7,1,2,7,2,6,3,1
398:7,4,7,8,5,1,6,3,3,3,7,1,6,9,8,9,9,9,9,6,7,9,7,7,4,8,2,1,2,8
399:5,4,9,5,4,3,7,5,7,6,6,8,3,1,1,8,9,4,1,7,5,4,9,3,6,2,6,4,3,7
400:4,7,3,9,6,4,9,2,1,9,6,8,5,3,7,1,5,9,9,3,5,7,1,3,9,3,9,8,4,6
401:2,8,3,8,3,6,8,9,6,6,5,3,5,7,5,2,8,9,1,9,7,7,2,8,7,9,7,2,4,3
402:1,8,7,8,9,4,6,8,9,4,5,4,1,7,7,6,5,3,5,3,6,2,3,8,2,9,7,2,9,8
403:5,2,4,5,1,1,8,5,4,8,1,8,6,5,2,6,6,1,1,1,6,4,6,4,4,1,5,4,5,5
404:6,7,3,8,3,3,3,7,8,6,8,6,9,2,6,5,3,9,3,3,5,9,1,3,4,9,4,6,3,2
405:9,2,4,5,7,6,8,5,2,8,4,6,9,1,6,6,9,1,3,8,8,5,2,3,3,2,7,8,6,9
406:7,4,8,1,1,9,4,7,4,4,9,4,9,6,6,5,2,5,2,6,3,9,5,2,3,2,8,1,3,4
407:6,2,8,1,7,5,3,6,8,8,2,1,4,7,9,7,7,3,9,6,3,9,2,8,3,6,5,9,2,1
408:9,8,5,9,8,8,1,3,2,1,7,9,3,9,5,7,8,5,3,4,8,8,4,4,9,5,7,8,1,2
409:4,8,1,6,7,7,8,5,8,3,2,3,9,9,3,5,3,3,8,7,6,8,4,2,9,8,5,4,7,6
410:8,1,2,2,5,4,6,3,2,9,2,5,9,5,3,9,6,1,2,9,3,3,5,1,3,4,6,7,5,9
411:2,5,9,4,6,5,5,9,3,1,6,4,8,9,2,1,5,6,5,1,2,8,5,8,9,2,4,6,5,1
412:6,2,7,2,3,5,4,4,7,3,8,4,3,9,9,3,2,6,3,2,3,3,1,8,6,7,9,2,7,7
413:3,4,6,9,7,1,2,7,9,2,3,4,7,3,7,6,8,1,5,6,6,9,4,7,7,6,7,6,7,1
414:1,7,9,3,4,6,6,7,6,7,2,5,6,6,1,8,2,2,9,5,6,7,5,4,3,3,5,7,5,5
415:7,8,4,6,4,7,8,3,4,6,7,5,4,9,3,9,3,8,4,3,9,9,2,9,7,4,4,9,2,5
416:9,7,5,5,1,4,8,7,8,1,2,6,1,4,3,7,9,3,1,4,2,2,1,1,6,8,6,8,3,8
417:8,9,2,5,8,2,2,3,9,3,2,3,8,6,3,9,5,6,6,2,1,5,7,2,5,4,7,2,4,1
418:7,2,1,4,6,4,8,5,3,1,6,6,9,5,4,6,5,2,9,1,4,3,6,5,8,8,8,8,5,1
419:5,6,6,8,4,4,3,5,4,2,6,3,9,6,3,5,9,8,5,6,7,1,8,1,2,9,3,2,2,8
420:7,3,1,9,4,2,9,7,4,6,3,6,4,1,8,2,5,2,5,7,7,9,4,9,7,3,5,3,9,4
421:9,3,8,3,8,1,6,2,5,9,8,6,5,9,1,5,1,2,7,1,2,9,6,1,7,4,6,3,3,5
422:6,5,3,1,5,5,2,2,3,5,5,3,3,3,1,1,5,4,5,5,3,4,1,7,3,2,3,9,5,1
423:9,7,2,2,7,5,4,9,9,6,5,8,6,3,4,4,2,3,9,1,9,7,5,1,3,9,7,7,2,7
424:2,9,9,1,6,7,1,1,9,5,8,9,2,7,8,3,8,5,5,9,9,7,2,6,3,5,1,2,8,1
425:5,6,1,9,6,8,2,4,8,2,6,6,4,9,7,8,7,3,6,9,8,1,9,3,3,1,1,2,7,9
426:3,9,4,3,4,6,6,7,6,9,9,8,1,5,8,5,9,1,5,7,3,4,1,3,5,8,9,2,2,9
427:4,7,9,1,3,9,3,2,3,1,1,7,3,7,8,8,8,2,3,1,5,7,1,8,8,8,2,6,9,2
428:8,4,8,2,1,2,5,6,3,9,8,6,5,7,6,1,5,6,7,2,9,3,3,4,7,1,9,1,2,9
429:1,5,9,9,3,1,9,1,4,6,2,2,3,2,5,9,2,3,1,5,2,4,5,4,2,4,5,5,8,1
430:2,4,8,4,1,7,3,8,8,5,1,2,2,9,8,5,9,3,1,4,4,2,4,1,3,6,3,2,8,6
431:9,4,2,8,9,3,7,5,5,7,3,7,3,6,8,1,9,3,4,5,3,3,8,8,7,9,5,3,3,6
432:4,5,4,1,5,6,8,7,1,8,7,2,9,8,8,1,9,8,1,4,9,8,7,4,7,5,2,1,7,6
433:6,4,7,8,9,4,2,9,2,1,1,4,4,8,5,3,3,5,7,9,5,8,2,6,9,6,6,3,7,6
434:7,8,4,9,8,6,5,4,3,6,2,9,5,3,6,8,4,3,5,6,8,8,3,2,7,3,6,9,8,4
435:4,3,4,4,2,4,9,6,9,9,4,9,2,1,8,9,1,7,1,5,8,1,7,6,2,4,3,3,7,3
436:1,9,9,8,3,8,2,5,3,7,5,7,8,5,2,2,5,6,6,1,1,8,5,5,4,2,3,4,9,1
437:6,8,6,6,6,9,2,4,1,9,3,9,4,5,1,4,2,8,6,1,9,5,6,5,2,2,3,2,6,9
438:9,9,1,6,2,8,8,7,1,7,2,6,4,4,5,5,5,6,4,3,5,6,5,6,7,2,6,3,4,3
439:7,6,7,2,1,6,8,8,2,1,4,9,5,4,8,3,8,4,2,6,4,2,6,2,2,7,9,5,5,4
440:2,5,9,4,6,5,5,9,3,1,6,4,8,9,2,1,5,5,5,1,2,8,5,8,9,2,4,6,5,6
441:1,1,7,5,8,1,8,1,2,1,6,4,7,2,6,4,1,5,4,1,5,4,4,2,8,5,1,2,8,8
442:2,3,6,1,2,9,4,8,6,9,9,7,5,8,6,2,9,9,8,2,3,7,7,1,6,7,9,6,6,6
443:5,6,9,8,6,9,1,7,5,4,7,6,5,3,8,3,2,4,7,1,6,4,6,9,1,3,1,4,9,9
444:1,2,4,2,4,7,9,9,9,5,3,6,7,5,1,3,3,2,7,4,9,3,5,3,9,5,3,4,7,7
445:5,9,9,2,2,7,7,2,3,6,1,8,5,2,1,6,2,2,7,8,2,8,5,8,7,3,8,4,1,1
446:7,4,3,2,3,5,9,8,2,4,6,6,6,1,1,2,5,4,8,9,1,2,6,2,1,4,2,5,5,2
447:1,5,9,7,3,6,7,6,2,9,6,7,8,9,1,2,6,2,3,4,2,1,2,2,3,5,5,5,1,7
448:8,5,4,2,1,7,9,2,5,5,2,3,2,7,7,2,6,2,8,4,7,3,8,8,4,9,6,4,8,9
449:5,5,6,2,6,8,1,9,2,5,5,4,9,4,6,9,7,3,1,1,9,7,6,3,3,1,5,5,5,9
450:4,3,3,2,5,5,9,1,5,6,5,1,1,3,4,6,9,2,1,4,1,4,3,4,4,6,2,1,4,3
451:3,3,3,3,7,2,9,6,2,8,9,7,5,8,9,8,1,8,6,2,2,6,8,9,9,2,9,6,9,8
452:4,9,8,6,6,8,1,7,6,2,8,3,4,6,4,1,4,2,7,2,1,2,8,9,1,3,8,9,1,7
453:2,2,4,8,3,3,7,1,5,4,1,2,5,2,8,8,9,1,7,5,9,9,9,7,8,6,8,7,2,6
454:6,7,3,1,3,3,3,7,8,6,8,6,9,2,6,5,3,9,3,3,5,9,1,3,4,9,4,6,3,2
455:3,7,2,6,9,7,4,8,5,6,5,3,9,6,9,5,3,1,5,3,2,9,3,2,4,9,4,7,9,5
456:2,1,8,8,6,3,2,1,9,2,2,5,2,9,5,5,2,2,2,3,6,3,3,7,1,4,2,2,5,3
457:3,2,4,3,4,9,3,1,9,8,7,4,4,5,7,3,5,7,2,2,6,8,3,4,2,6,1,7,9,8
458:2,7,1,2,6,8,2,6,2,2,8,8,2,9,4,8,2,6,1,9,4,4,8,8,6,8,9,6,8,2
459:2,7,7,2,6,8,2,6,2,2,8,8,2,9,4,8,2,6,1,9,4,4,8,8,6,8,9,6,8,2
460:2,5,3,2,7,9,1,1,9,7,8,9,1,8,3,7,2,6,4,5,3,5,8,9,4,7,2,8,6,7
461:4,7,3,9,7,4,9,2,1,9,6,8,5,3,7,1,5,9,9,3,5,7,1,3,9,3,9,8,4,6
462:9,2,7,2,7,8,5,8,6,2,2,8,7,3,1,5,7,4,2,1,8,3,3,8,3,9,3,8,8,8
463:2,2,1,9,8,4,9,8,1,8,3,2,4,7,1,5,1,6,4,9,3,4,4,5,1,2,2,6,2,2
464:2,5,9,8,6,2,9,3,5,3,6,8,8,8,5,3,5,3,7,7,1,3,2,6,4,3,4,9,2,9
465:3,9,8,7,6,1,6,3,5,7,1,7,4,3,1,3,5,9,8,8,9,3,3,6,6,7,7,2,2,3
466:7,4,8,1,1,9,4,7,4,4,9,4,9,6,6,5,2,5,2,6,3,9,5,2,3,2,8,1,3,3
467:7,4,9,2,1,8,8,5,2,7,1,2,1,4,9,9,6,5,9,9,7,8,3,9,2,5,5,7,7,5
468:5,6,1,9,6,8,2,4,8,2,6,6,4,9,7,8,7,3,6,9,8,1,9,8,3,1,1,2,7,9
469:5,6,6,3,2,7,4,7,1,2,6,8,3,2,3,7,8,4,5,6,7,9,3,6,3,4,7,6,8,9
470:2,6,6,9,3,9,1,6,9,6,3,1,7,7,1,8,5,5,2,1,6,9,6,1,2,4,5,7,8,6
471:4,7,5,3,4,2,9,6,4,1,8,2,7,4,8,6,7,6,8,4,3,9,9,2,9,9,8,2,6,1
472:3,2,3,6,3,3,2,6,5,4,2,3,4,1,1,9,4,2,3,7,4,3,1,4,1,4,6,1,8,9
473:6,7,6,9,7,2,7,4,7,5,7,2,8,8,2,1,9,3,6,6,8,2,4,1,2,4,6,8,3,9
474:1,6,7,4,6,5,2,7,3,7,3,1,9,9,1,8,4,8,5,9,8,1,7,9,4,5,2,3,8,8
475:3,8,9,8,1,2,5,7,4,2,5,6,8,2,8,5,2,4,7,4,4,2,6,1,8,7,4,4,9,1
476:8,2,6,9,2,1,9,4,5,8,9,1,8,5,6,6,6,5,7,4,5,7,1,1,6,4,6,7,2,2
477:3,8,9,8,6,5,3,7,8,9,4,8,8,4,8,2,8,2,6,6,9,2,8,8,2,9,8,8,3,2
478:4,9,7,2,5,2,4,6,3,3,7,4,4,4,7,1,6,1,3,6,9,7,3,9,3,7,5,7,2,8
479:5,6,9,8,6,9,1,7,5,4,7,6,5,3,8,3,2,4,7,1,6,4,6,9,1,3,1,4,9,2
480:9,2,9,4,9,7,3,8,6,8,7,5,8,5,1,6,1,2,7,1,8,3,3,1,4,7,1,9,3,7
481:7,2,9,9,4,4,9,9,1,5,9,7,6,4,5,8,4,5,7,7,7,6,7,4,2,4,6,7,1,2
482:3,5,3,3,9,6,8,2,8,3,3,3,4,6,8,6,8,2,5,4,8,9,7,1,2,3,7,1,3,9
483:7,9,1,1,1,4,5,8,4,5,6,8,4,9,1,2,4,8,8,2,1,7,3,6,2,1,3,7,6,3
484:4,7,5,9,8,8,2,5,6,8,4,3,5,3,7,2,4,5,7,9,4,4,3,5,2,1,4,9,6,1
485:1,7,7,9,5,6,2,2,5,7,1,8,3,5,8,4,8,3,6,4,2,8,6,3,6,5,8,2,9,4
486:1,6,3,7,9,6,2,2,5,2,5,9,8,5,6,6,4,1,8,9,9,3,9,9,6,5,6,3,2,3
487:2,5,8,8,9,2,9,5,5,8,9,9,2,8,3,6,8,8,6,7,7,6,4,6,5,5,5,1,4,1
488:5,8,9,2,7,7,4,8,6,6,2,9,3,8,1,8,4,4,5,4,7,8,5,5,4,2,2,6,5,9
489:1,9,9,8,5,4,3,8,1,4,2,1,5,7,6,9,8,7,6,9,2,6,8,6,9,1,5,1,8,4
490:8,8,6,3,8,6,2,3,9,8,4,3,2,2,4,5,6,2,9,1,5,3,3,9,2,7,7,6,4,3
491:6,6,5,9,3,8,6,3,2,1,2,8,4,1,2,5,2,1,2,5,3,4,4,5,4,8,7,8,8,9
492:9,4,6,1,5,1,2,4,4,2,7,3,9,4,9,7,9,3,7,6,4,6,6,3,4,2,9,7,6,9
493:8,4,7,6,8,5,7,1,2,8,2,7,6,5,2,6,2,2,4,5,7,7,4,4,3,2,2,9,4,3
494:4,4,1,9,1,1,8,4,3,3,8,8,6,5,7,7,8,3,9,4,1,7,8,1,3,4,7,8,1,4
495:2,3,7,6,8,7,6,7,8,6,8,7,7,5,2,1,7,9,9,4,1,3,7,3,1,1,7,8,7,3
496:3,2,5,8,2,9,9,8,6,7,8,4,1,2,1,5,2,3,9,5,5,7,1,4,5,3,3,9,4,4
497:1,7,7,9,2,6,2,2,5,7,1,8,3,5,8,4,8,3,6,4,2,8,6,3,6,5,8,2,9,7
498:4,7,6,3,7,6,2,3,4,7,4,9,9,7,9,3,6,2,3,2,7,9,7,4,5,7,4,6,1,4
499:6,5,3,1,5,5,2,2,3,5,5,3,3,3,1,1,5,4,5,5,3,4,1,7,3,2,3,9,5,8
500:9,1,4,4,3,2,6,2,1,8,7,5,6,6,5,6,6,7,1,2,6,6,9,7,9,5,8,2,5,9
