130997
143514
158267
129775
117338
113721
191342
197611
191432
166142
185132
148687
150566
182224
107998
141708
114139
101029
152957
107678
186754
164296
176317
134763
156430
105222
127016
146796
193698
159033
144624
125102
177811
140577
139018
139727
145223
174164
170139
155856
139084
108281
154015
176969
107758
106438
169563
165122
135721
192708
135035
127895
170141
157678
129433
174886
111430
184127
144332
126665
103223
191682
191852
138400
122070
178493
118470
108391
156493
190540
162183
153498
117817
100016
152324
102771
143841
161913
120261
193821
115316
157888
176343
134347
104452
197773
103617
135893
100702
122073
165024
101611
182921
180452
127718
174381
175646
130581
111818
182968
