1672
1617
1585
1635
1552
1837
1670
1621
1071
1360
1517
1850
1795
1187
1995
1385
1915
1571
1863
1713
1551
1868
1186
1331
1758
1401
1508
1995
1768
1514
1624
1076
1737
1290
1954
1932
1325
1248
1563
1888
1032
1414
1528
1644
1478
1587
1378
1549
1674
1144
1535
1744
1311
1504
1636
1524
1983
1718
1587
1694
1373
1750
1577
1324
1004
1642
1251
1369
1396
1569
1368
1250
1821
1402
1340
1668
1381
1955
1575
1581
1945
1178
1225
1417
1377
1877
1035
1172
1256
1247
1360
1132
1296
1390
1799
1384
1872
1510
1493
1039
