99999999999997297394294316991395836248512375966212544907777867474620263945712608741435460645451238696903955257890207475185702177133627443329383670819884835057769607807813764999
99999999999961961992476409215686839234521806209000835529223694793471091251494821869822846989253687423884282730755705582010448615688390277343058421990431408520385959511168718560
99999999999995919999179399144951700356846829948335446607699088402807643041228176806111231767544563375441136783672084815702227996706969103943782115736974104815230182471572807120
89999999999999999999999994060563734364025119041462924114609125422407823802712257308435687999769999936175694467353376495482880272946721815826496866931353307714734601011189150509
29999999999999599999993413298974899862348476495378485876811694222467143627192049639999999371999999995741599999983319795011950691997898308468755293647589683131110715729403438552
03799999999933799999995295730638389681745689493939838412278122988886120879322324479999999999999999999999999999997442569997952282512414556016510027168523338638267000618271096097
79999999999923362499917279242093937645668577904372314148269914864045413599999999999999999999999999999999999999999999999999898114613990688361924115590277543017236211177187540678
74499999950430066187174222014587457111268804870963607006355699778814603259999999999999999999999999999999999999999999999999970697999122944486246621254779693961824844429823302905
61999999923436557975788292527984056206304016566373752197293223822399996999999999999999999990339199994427299999999999999999999497159671911512603602081966951359542573608861146400
59999999942035528647799273893316681126310376835077917082202887999999999999999999996671499999756319999219359999949999999999999999999999736558951879712181177918336843808351923129
99999998988609716455498264508663046282469408287844422261330158026999999999999189999911680418498936511963166969638871999999999999999999192122414843591504439782764974192369958272
99999992469990399933408139343201969197978010718553471005974711747999999999833931628024591728288387697721526999315675999992999999999999955109957545273415067189243329998455859994
99999999999999999503899869551646032271047711234305005467219999999999994999930448413790996325438920504892506683599540599970242499999999999975243503784062411325976415789127864548
99999999999999994798617130506016854136921002471753911843989999999999949784745436606571693072391562161513622390898387911592410499999999999999999958774534442811203240743504959848
99999992719999996490867760773597476097441014352185502732849999999999991825250043675352628647080626398418891051879843991441596999999999999999999954735492909808644743532767269572
99999994114166191134822882277746600644395593002753260896999999999995048329504443636370047951309634742222307803826377975174471049877012999999999928792326398168185776589317446741
99999993908409357937543694816590054598350261422279152999999999999678705632780769449097107011548150828860761547984907767867697373847416899999999963663699940552054081650842978728
99999929835617956492044503653812598317149305078528599999999999997413143534917564470849071197093486627585427469190288487851091089275221699999999993992556531040717471245742018449
99999949353333394994129599483124294167244909342563909999999999615980131608836964193898529591212975600016740741039489495966545107999749999999999999999999992330908019325310718446
99999920767364685937914685303013177926865903721717350999994983514929807483877712290273102621724951142255227340312260831873093529395479999681999999999999999213529804927593453469
99999979994499911050629376153438275260482027039584999999987759470781066636831434783819199908991744626229626262488150813749010020626584269613979999999999993127079175420492629951
99999949999993416997772408465795429471190420219124999999999151379264016292791283957999999999999999994264975209734146634287247274684615801246666999999999958463962744367818619866
99999999999999836450625492775866435376442480014942699999326233007340539925491629999999999999999999999284522767632910931763649250845868154142733999999999699136512888294682430600
99999999999999354941094403658191285082444302125779799994884864282034899871539999999891953259849899999999980795289521616845708188404490612615699999999999813817499692696634621586
99999913899997710666566674046170327256348147285589999999969918111008374139999988319121046972920603939999999948790827142381114100153219696906699999999999999954222996125240871288
99999991135627026937254612357754745804211765751999999999987230493423748509999136456975133961784415793999999992316702960104914334601997020067061981339999999799999838393420686723
99999913587154937990006371965092732375661867502999999999125426816403972999986187440280209505334755176959299999792608312462265176255332504774414934742999999999999965611911682518
99999991955348160176390416107396709085345621196590999999220555902530935999981587936888884108599958971953399899999463208114365708041825199601567471597699999999999962141922740395
99999965332757993706147575923211004497680419688114999999934701050038839999670089888999999999206290939498774049999721723412275966114626473811169543353599999999999517451473912406
99999916992929997903686986551067826008045800152599999999209836252419719992069268888865003199992676111753597999999999001311563619841901110835111892499999999999996694290272668283
99999916999999405333898312067620360233601111383839999999623154066385549991645488888888859043999608114480686998799999196051555025491394612227682993599999999999925379702173093076
99999999999999993517693540713154863966508696997891729999930830354957229998370488888888884796199997591103586946799999088250946208400554129056570869173492899999999999615968213198
99999999999999982294455616714767265380887122311123099999990329671312503999499448888888888765929993033865535196999999407400932776294519786684417353308947539999995099995943595156
99999999219995781494222004119394625414982231878638999999344495802088144499937522888888888220819993591184161040488999895223472250430783236669917974987583559999999899999941741929
99999999974504374549982752876800035194322022898224999999999127872417437599998984143888886664769999022156101339977999995536593872430283467617722869297137696999999999999996265622
99999999925610569814037025610617217360305422196121670839999989919713089628999999999998880379649997265208764537699999995282055903307201978722352391190897240499999999999994057582
99999999959174278595354745688152969902139714409943949899999945413437236676835688888425362304799997217751350883499999953395208687671483772984780199893353899999999999999942320259
49999999995179726998706981885827569134487965263601092899999999927899256723644353766523402361999948905702843939947399991918713688007045054255672164978502999999999999999222822101
79999999995299910995269049734825351174663308409493195462219999946171789996450364252976042499999991408170427227245999999404369132673310568281515029699431499999999999912179470195
50759999999659999999696741152959809282390603626350737100189999999997874314929485320558345999999740353377976865999999999127743517848753593715424802976327399698999999994886561725
59239999999999999999873703319871533765607752195085275169789999999998699592086245681392999999926328765440770601938999943116552878565672689431488390481254288487589999999998796899
00381999999999999992739699639371628250379189911265520025694847499999999424999999599999999992472878437157889199996999967525183225667319585362847764052510126189791999999999936423
86399999999999784753354411338821749691113445644469850377928718699999999999999999999999961728389870309546803084889999999484759042129627748956776257131499763577808699999999999824
92999999999999990590062322041729783371072335583026691585761572153634899989999999999549613659484278626587046349999999999748788630662922088711892830561797210104031599999999999993
51999999999999998700663149127152428953859075443228512702130349583963980611299224112724151011655599627555525121999999999604985102993509857087037426615910118819290599999999999997
52699999999999999397784799363351506512663390301829878403035628708120858612003011289398988274999623947052111978999999201187710782070397334972902237430065302999999999999999999946
72981969999999999998999999999103774139557265184901906675397642999971318108249447298520741065397368853357079999999999586266038202923460333912605852607742973999999999999999999430
02126791199999999999499999999445159246731795252834979815143446037371842349189456720620154436862533711173499999999999429539720134866860702064418824750826174799999999999994992181
35209999016989999999999999997789273854531641608100342397001567019711139994991937750573539318090003444924749999999999195401495710826123296379002533386346489997239999999970181649
45046456955179999999999992120286476263817848347970577701952018456551899271377345346453169695160210806615199999999999473392653517625116311182758644298348399484592999999972043772
65465959176017999999999999635315434932322842057955533372888004955619251747875186424721434056024020229999999999959686348844483763612061087934433624685202627984394999999626999116
62644330321079999999999999704712424998987669245581185751980661267862564041307543155880539907999987999999999999935457833489795276081376392638986757059969132594984999999042891161
23989119961609999999999999999618999999953252988786410362266621976414846165007076096947938693354299341999999999999992146794191218039914538079194757179496865715069999999654999996
10799679189159999999999999999999999999930792336091598617936875137701766005690963474339517321748978976999999999942123081754749536209065672668843993156127557957449999999999999999
56919028806842499999999999999999999999980655389273893923177367073517122817717017308786642599999992699999999991862876714263840524379948617552455991083900498599999999999999999999
04759848333380633691759859999999999999999630689999935621829585917973433911954197236359379465999999999999962916717924350559216944342705198652163652716483609999999999999999999999
22855953641784623999437551999999999999999998299999997198792218083646663613038224999899915729299999999999775185851252846533890819176419881453144165762100692999999999999999999999
25874037881698122423935738799999999999999999999999951100639999987499649929987214889999999999999999999999896867281225268802043851309180679486054846774262196999999999999999999991
24071854540322169733179177299999999983999999999999994135133899992933235899999689599999999999999999999993233455450710785515751156272158050217931297031620799970499999999999994576
09903328787705860757375331099999999993749999999999999999999999999447895999999999999999999999999927016623319569565266243416163003433811473134883524931423891127315999999998179623
75788954015961317799806921219999999699910199999999999999999999999999999999999999999999999999992360398718377390270262554396652478520331002361281191419647387274482969999999967455
09818875387095517359999945250134999501261999999999999999999999999999999999999999999949999999999997175643772245459136133050443016791718260742581162929366283276256591899999999444
49015396169696053245311879697847499968333799999999993589999999999999999999999999999958729999997114694117812064649941007764555786838254320802389271192692238321684345799999999963
89638385922132942145286283077209429555431379999999989957189999999999987199999999998258470819313850190207768243409138306367675509716580224498117263115921723139789145619999999964
52960595246034422261715106585557256715170881999995930161789999999998987738999999999957124137866854240675241074936865152012986898000780666396030919892925374471531899998999999992
78811436641031985499565150480555623799348351857547993808974999999942710496474989339962882183888076489586197689898220986618425903344133622242491951159879999999156299999999999998
69129132728948068340858007596970450656766958444141999720477981442999443961176922013353921222881978965065864387226803878874184126042631546849288647342899999999986799999999999999
99676496011879018717700745644011188567388061647422267477131449315657752797829561969113151579230024146662837995829676341989372245974070166210809939014449999999299999999999999999
44445610319786497011518618382514872526059874379806343791874300830370878294855576031862819191271406606484915542772569882800791177429850308958807180251359999999999999599999999999
28159950357755591388942258594329681200596032348441050077913359172555349754033518852560984533917586758257004709326778708351318152445352590923208099799994689999993964999999999999
00453287221348061079019318422492635731728841440744206915549105089469649849029149343798586741529195685913739127432655651160379849038926958102772594992499519999813093399999999999
74109899147953311922588928038113671944616189356112067838869788835184163161261501496096875842205379459600732933030008844574819277787448221779999869036366315749926063199999999999
